Case 4/source_data/mean_min_2025041120250411.grid
ncols 886
nrows 691
xllcenter 112.0000
yllcenter -44.5000
cellsize 0.0500
nodata_value 99999.90
[rows 340 to 373 of 691, columns 77 to 153 of 886]
18.06 18.23 18.37 18.50 18.58 18.69 18.77 18.87 18.92 19.00 19.08 19.20 19.29 19.34 19.42 19.53 19.60 19.72 19.70 19.81 20.01 20.11 20.18 20.25 20.27 20.29 20.27 20.25 20.25 20.23 20.41 20.42 20.39 20.38 20.65 20.88 20.94 20.97 20.99 21.08 21.10 21.18 21.33 21.41 21.44 21.37 21.46 21.53 21.64 21.68 21.68 21.66 21.62 21.64 21.63 21.60 21.53 21.45 21.34 21.32 21.25 21.10 20.88 20.78 20.67 20.57 20.45 20.39 20.29 20.20 20.02 19.86 19.86 19.82 19.74 19.73 19.69
18.05 18.25 18.37 18.39 18.43 18.54 18.73 18.86 18.89 19.00 19.11 19.20 19.26 19.28 19.39 19.49 19.57 19.64 19.73 19.66 19.86 20.02 20.08 20.18 20.20 20.15 20.08 20.25 20.26 20.29 20.42 20.38 20.51 20.61 20.71 20.83 20.93 20.83 21.01 21.03 21.04 21.13 21.30 21.35 21.35 21.33 21.32 21.44 21.52 21.56 21.54 21.50 21.48 21.49 21.44 21.39 21.32 21.38 21.32 21.24 21.14 21.00 20.88 20.75 20.57 20.49 20.40 20.33 20.23 20.11 19.97 19.78 19.70 19.67 19.66 19.56 19.46
18.01 18.24 18.34 18.38 18.37 18.49 18.70 18.83 18.93 19.03 19.04 19.12 19.23 19.31 19.33 19.42 19.49 19.44 19.70 19.74 19.79 19.87 19.99 20.08 20.07 20.14 20.20 20.29 20.24 20.30 20.42 20.44 20.46 20.54 20.62 20.73 20.85 21.05 21.01 21.01 20.98 21.15 21.24 21.22 21.25 21.15 21.21 21.22 21.35 21.34 21.34 21.35 21.28 21.26 21.35 21.33 21.33 21.29 21.22 21.12 21.04 20.92 20.80 20.65 20.53 20.45 20.36 20.20 20.10 19.97 19.85 19.70 19.50 19.51 19.46 19.34 19.33
18.00 18.22 18.35 18.42 18.47 18.51 18.66 18.79 18.91 18.97 19.04 18.94 19.14 19.27 19.33 19.33 19.41 19.49 19.58 19.63 19.67 19.81 19.92 20.00 19.99 20.12 20.23 20.24 20.30 20.31 20.39 20.45 20.38 20.34 20.44 20.53 20.75 20.93 21.04 20.92 20.99 21.11 21.19 21.16 21.19 21.13 21.20 21.16 21.19 21.15 21.11 21.13 21.08 21.16 21.20 21.23 21.20 21.14 21.07 20.96 20.91 20.83 20.71 20.54 20.46 20.39 20.22 20.03 19.93 19.81 19.66 19.60 19.46 19.36 19.33 19.33 19.24
17.98 18.21 18.35 18.43 18.47 18.45 18.56 18.75 18.84 18.83 18.98 19.05 19.14 19.25 19.30 19.37 19.27 19.39 19.44 19.49 19.52 19.69 19.72 19.82 19.88 20.04 20.23 20.27 20.27 20.25 20.37 20.42 20.41 20.36 20.32 20.55 20.65 20.79 20.90 20.97 21.00 21.08 21.08 21.12 21.14 21.14 21.15 21.17 21.19 21.11 21.11 21.05 20.95 20.92 20.94 21.05 21.02 20.92 20.88 20.80 20.78 20.71 20.61 20.49 20.40 20.29 20.18 20.01 19.75 19.60 19.60 19.54 19.42 19.21 19.23 19.12 18.95
17.99 18.24 18.35 18.43 18.41 18.51 18.63 18.75 18.86 18.96 19.08 19.18 19.29 19.37 19.40 19.47 19.47 19.38 19.46 19.66 19.62 19.76 19.84 19.93 19.97 20.12 20.22 20.23 20.17 20.27 20.39 20.41 20.41 20.40 20.36 20.53 20.73 20.74 20.87 20.92 20.97 21.00 21.05 21.08 21.09 21.10 21.09 21.11 21.08 21.06 21.00 20.97 20.86 20.69 20.80 20.86 20.84 20.71 20.71 20.59 20.59 20.57 20.48 20.39 20.28 20.17 20.07 19.92 19.69 19.51 19.50 19.48 19.39 19.23 19.08 18.88 18.90
18.06 18.23 18.36 18.39 18.45 18.56 18.68 18.79 18.90 19.01 19.14 19.24 19.35 19.41 19.46 19.49 19.47 19.55 19.49 19.68 19.68 19.79 19.88 19.96 20.05 20.07 20.19 20.21 20.26 20.33 20.37 20.37 20.39 20.37 20.44 20.45 20.58 20.72 20.80 20.84 20.92 20.96 20.98 21.01 21.01 21.02 20.97 20.98 20.93 20.86 20.88 20.79 20.72 20.64 20.54 20.67 20.65 20.54 20.56 20.38 20.43 20.45 20.35 20.22 20.13 19.96 19.87 19.84 19.70 19.52 19.39 19.41 19.34 19.20 18.99 18.86 18.76
18.12 18.26 18.36 18.38 18.47 18.61 18.72 18.81 18.91 19.01 19.16 19.28 19.39 19.46 19.44 19.54 19.49 19.62 19.67 19.73 19.68 19.81 19.95 19.99 20.06 20.08 20.18 20.21 20.26 20.30 20.35 20.37 20.41 20.42 20.46 20.49 20.58 20.68 20.77 20.81 20.83 20.84 20.86 20.88 20.89 20.89 20.82 20.81 20.77 20.65 20.73 20.70 20.62 20.40 20.39 20.53 20.45 20.30 20.38 20.22 20.28 20.32 20.21 20.09 20.00 19.84 19.74 19.67 19.58 19.41 19.28 19.29 19.25 19.13 18.97 18.73 18.62
18.22 18.28 18.38 18.47 18.55 18.65 18.71 18.79 18.84 18.98 19.11 19.25 19.34 19.43 19.52 19.57 19.60 19.68 19.74 19.77 19.81 19.87 19.93 20.01 20.06 20.10 20.17 20.20 20.25 20.28 20.29 20.32 20.35 20.41 20.45 20.53 20.56 20.65 20.71 20.71 20.72 20.66 20.68 20.71 20.72 20.74 20.64 20.63 20.61 20.59 20.56 20.60 20.50 20.30 20.22 20.33 20.25 20.13 20.19 20.17 20.21 20.20 20.08 19.89 19.81 19.74 19.56 19.52 19.48 19.26 19.17 19.15 19.14 19.07 18.93 18.72 18.63
18.32 18.32 18.35 18.49 18.61 18.66 18.69 18.80 18.77 18.90 19.06 19.20 19.30 19.34 19.47 19.55 19.58 19.62 19.70 19.77 19.81 19.87 19.93 19.96 20.02 20.06 20.08 20.13 20.16 20.17 20.08 20.09 20.21 20.29 20.40 20.46 20.50 20.59 20.64 20.67 20.62 20.67 20.65 20.50 20.49 20.53 20.54 20.51 20.43 20.56 20.59 20.55 20.42 20.27 20.28 20.22 20.18 19.99 19.98 20.11 20.11 20.09 19.99 19.80 19.74 19.66 19.46 19.31 19.34 19.14 19.17 19.14 19.10 19.03 18.92 18.76 18.64
18.42 18.43 18.40 18.54 18.65 18.75 18.79 18.84 18.87 18.91 19.02 19.13 19.17 19.27 19.38 19.48 19.52 19.57 19.60 19.67 19.65 19.70 19.81 19.83 19.92 19.97 19.93 20.01 20.06 20.04 20.01 19.97 19.99 20.21 20.21 20.33 20.45 20.53 20.54 20.58 20.62 20.61 20.58 20.62 20.55 20.58 20.45 20.52 20.43 20.49 20.54 20.47 20.36 20.34 20.26 20.16 20.11 19.94 19.86 19.97 19.99 19.98 19.90 19.77 19.68 19.57 19.40 19.16 19.12 19.08 19.08 19.05 18.96 18.92 18.85 18.75 18.61
18.56 18.56 18.55 18.54 18.71 18.80 18.83 18.76 18.78 18.83 18.95 19.09 19.13 19.06 19.25 19.37 19.43 19.46 19.53 19.55 19.55 19.58 19.70 19.74 19.81 19.85 19.85 19.93 19.93 19.97 19.90 19.89 19.74 20.08 20.19 20.31 20.41 20.47 20.46 20.55 20.57 20.56 20.57 20.62 20.58 20.50 20.54 20.49 20.45 20.46 20.49 20.44 20.37 20.32 20.21 20.09 20.09 19.98 19.81 19.82 19.78 19.85 19.81 19.71 19.55 19.39 19.26 19.21 18.99 19.07 19.03 18.89 18.80 18.84 18.80 18.71 18.60
18.72 18.70 18.74 18.70 18.73 18.79 18.91 18.92 18.90 18.96 18.80 19.00 19.08 19.06 19.17 19.26 19.35 19.39 19.41 19.47 19.46 19.33 19.58 19.62 19.66 19.75 19.65 19.80 19.82 19.83 19.83 19.83 19.84 19.99 20.06 20.24 20.32 20.39 20.39 20.43 20.46 20.48 20.51 20.55 20.54 20.52 20.51 20.47 20.41 20.44 20.43 20.40 20.34 20.22 20.07 20.05 20.03 19.95 19.82 19.66 19.67 19.75 19.65 19.57 19.46 19.29 19.23 19.20 19.08 19.05 19.04 18.89 18.85 18.81 18.76 18.64 18.52
18.88 18.85 18.82 18.84 18.86 18.80 18.91 18.99 18.97 18.97 18.95 18.95 19.02 18.94 19.08 19.19 19.23 19.25 19.34 19.34 19.30 19.25 19.41 19.46 19.54 19.62 19.61 19.68 19.68 19.60 19.59 19.67 19.81 19.84 19.95 20.11 20.18 20.32 20.31 20.33 20.38 20.39 20.36 20.47 20.46 20.48 20.46 20.44 20.39 20.40 20.38 20.32 20.21 20.07 19.99 20.03 20.00 19.91 19.72 19.64 19.66 19.61 19.51 19.40 19.23 19.13 19.17 19.09 19.12 19.07 19.03 18.89 18.81 18.80 18.70 18.54 18.36
19.04 18.99 18.93 18.89 18.92 18.95 18.93 19.02 19.04 19.04 19.01 18.97 18.90 18.91 18.95 19.10 19.05 19.13 19.23 19.26 19.23 19.22 19.17 19.17 19.36 19.49 19.50 19.49 19.55 19.52 19.58 19.54 19.68 19.82 20.01 20.11 20.17 20.22 20.23 20.24 20.28 20.28 20.29 20.33 20.36 20.35 20.34 20.39 20.33 20.35 20.31 20.21 20.12 20.00 20.03 20.01 19.92 19.78 19.59 19.48 19.56 19.44 19.39 19.37 19.22 19.05 18.96 19.02 19.04 19.04 19.00 18.93 18.80 18.74 18.62 18.40 18.21
19.19 19.19 19.14 19.05 18.95 18.99 18.98 18.97 18.99 19.02 18.85 18.92 18.88 18.93 18.88 18.96 18.87 18.93 19.11 19.13 19.16 19.02 19.15 19.21 19.22 19.32 19.37 19.50 19.55 19.60 19.62 19.45 19.61 19.64 19.89 20.02 20.07 20.06 20.06 20.06 20.14 20.20 20.20 20.24 20.26 20.29 20.25 20.25 20.28 20.26 20.24 20.15 20.05 19.98 19.99 19.94 19.84 19.72 19.54 19.35 19.43 19.29 19.25 19.23 19.05 19.00 18.95 18.84 18.94 18.88 18.90 18.86 18.76 18.55 18.57 18.36 18.10
19.46 19.41 19.34 19.16 19.25 19.24 19.17 19.04 18.90 18.93 19.03 19.00 19.01 18.99 18.99 18.95 18.90 18.83 18.84 18.87 19.03 19.11 19.13 19.24 19.28 19.33 19.33 19.49 19.55 19.60 19.60 19.62 19.56 19.63 19.80 19.90 19.96 19.90 19.90 19.96 19.93 20.08 20.13 20.16 20.13 20.17 20.19 20.15 20.19 20.19 20.15 20.11 20.02 19.96 19.94 19.84 19.73 19.61 19.47 19.29 19.27 19.23 19.00 19.00 18.98 18.97 19.03 18.98 18.95 18.92 18.87 18.78 18.63 18.56 18.49 18.30 18.10
19.82 19.72 19.64 19.48 19.52 19.39 19.18 19.13 19.17 19.12 19.10 19.02 18.95 18.91 18.90 18.90 18.80 18.76 18.88 18.96 19.05 19.11 19.15 19.17 19.18 19.31 19.37 19.45 19.50 19.54 19.47 19.54 19.45 19.49 19.71 19.79 19.81 19.79 19.74 19.75 19.89 19.94 20.02 20.05 20.06 20.01 20.05 20.05 20.05 20.07 20.06 20.02 19.98 19.92 19.84 19.73 19.61 19.53 19.41 19.19 19.11 19.03 18.95 18.83 18.96 18.98 18.99 18.95 18.93 18.85 18.76 18.70 18.52 18.51 18.39 18.25 18.10
20.10 20.11 20.01 19.91 19.78 19.64 19.52 19.40 19.31 19.21 19.12 19.01 18.88 18.77 18.69 18.74 18.84 18.86 18.85 18.96 19.03 19.02 18.99 19.00 19.15 19.23 19.32 19.38 19.39 19.35 19.43 19.38 19.41 19.42 19.58 19.64 19.60 19.64 19.61 19.59 19.73 19.70 19.89 19.95 19.95 19.91 19.83 19.91 19.83 19.93 19.94 19.84 19.88 19.84 19.70 19.64 19.52 19.45 19.36 19.16 19.11 19.07 18.86 18.79 18.84 18.91 18.84 18.88 18.78 18.69 18.65 18.57 18.49 18.43 18.21 18.14 18.03
20.54 20.45 20.33 20.20 20.06 19.86 19.70 19.62 19.50 19.38 19.22 19.12 19.01 18.88 18.83 18.86 18.88 18.90 18.77 18.88 19.02 19.01 19.01 19.01 18.91 19.05 19.18 19.32 19.36 19.43 19.48 19.38 19.41 19.43 19.30 19.57 19.55 19.54 19.52 19.42 19.60 19.71 19.79 19.85 19.85 19.78 19.61 19.77 19.73 19.76 19.80 19.72 19.72 19.69 19.68 19.60 19.52 19.44 19.35 19.20 19.13 19.08 18.89 18.71 18.81 18.77 18.77 18.77 18.64 18.56 18.52 18.46 18.39 18.35 18.16 17.93 17.97
20.92 20.78 20.62 20.46 20.32 20.10 19.94 19.77 19.63 19.50 19.36 19.22 19.05 18.86 18.83 18.88 18.90 18.86 18.80 18.94 18.96 18.92 18.74 18.83 18.96 18.98 18.98 19.13 19.29 19.44 19.45 19.44 19.42 19.43 19.37 19.48 19.55 19.55 19.54 19.47 19.52 19.58 19.67 19.72 19.74 19.70 19.66 19.60 19.59 19.60 19.63 19.67 19.65 19.62 19.61 19.53 19.45 19.40 19.32 19.22 19.13 19.00 18.81 18.66 18.67 18.58 18.67 18.60 18.51 18.56 18.39 18.39 18.23 18.21 18.14 17.97 18.01
21.31 21.07 20.79 20.61 20.53 20.30 19.98 19.88 19.74 19.58 19.41 19.24 19.04 18.95 18.85 18.92 18.91 18.91 18.91 18.88 18.81 18.82 18.87 18.88 18.85 18.74 18.74 18.96 19.21 19.37 19.45 19.42 19.39 19.42 19.42 19.41 19.52 19.48 19.39 19.44 19.54 19.54 19.53 19.56 19.63 19.57 19.53 19.51 19.43 19.42 19.52 19.55 19.52 19.44 19.49 19.39 19.30 19.24 19.24 19.12 18.99 18.92 18.76 18.67 18.52 18.56 18.60 18.59 18.50 18.54 18.46 18.34 18.18 18.22 18.20 17.97 17.96
21.49 21.37 21.13 20.92 20.69 20.53 20.17 19.96 19.81 19.59 19.38 19.09 19.03 19.01 18.91 18.93 18.93 18.89 18.81 18.77 18.71 18.63 18.74 18.77 18.75 18.81 18.82 18.86 19.16 19.30 19.40 19.39 19.41 19.36 19.43 19.41 19.48 19.47 19.43 19.45 19.52 19.56 19.57 19.53 19.52 19.44 19.35 19.36 19.31 19.35 19.41 19.38 19.30 19.27 19.38 19.24 19.13 19.02 19.08 19.02 18.86 18.71 18.74 18.68 18.60 18.48 18.42 18.55 18.56 18.50 18.47 18.33 18.27 18.29 18.23 18.12 18.01
21.47 21.40 21.26 21.09 20.86 20.64 20.34 20.10 19.80 19.52 19.43 19.25 19.17 19.01 18.96 18.96 18.89 18.81 18.69 18.67 18.50 18.50 18.62 18.61 18.66 18.83 18.87 18.81 19.11 19.24 19.34 19.37 19.39 19.40 19.41 19.38 19.43 19.44 19.42 19.45 19.50 19.52 19.51 19.46 19.35 19.38 19.27 19.21 19.27 19.33 19.38 19.35 19.24 19.22 19.28 19.16 19.01 18.92 18.86 18.84 18.75 18.76 18.74 18.65 18.55 18.60 18.41 18.51 18.49 18.52 18.38 18.33 18.34 18.24 18.25 18.11 17.94
21.36 21.34 21.32 21.34 21.14 20.89 20.60 20.29 19.94 19.65 19.51 19.30 19.24 19.09 18.98 18.95 18.88 18.74 18.65 18.70 18.71 18.71 18.64 18.75 18.83 18.89 18.86 19.04 19.15 19.23 19.30 19.35 19.36 19.37 19.38 19.39 19.39 19.42 19.38 19.42 19.45 19.44 19.44 19.39 19.27 19.21 19.09 19.23 19.27 19.29 19.34 19.24 19.29 19.27 19.19 19.09 19.02 18.94 18.92 18.86 18.79 18.76 18.65 18.54 18.59 18.56 18.46 18.48 18.49 18.50 18.42 18.33 18.33 18.30 18.24 18.12 18.02
21.33 21.34 21.36 21.36 21.26 21.06 20.71 20.36 20.02 19.69 19.60 19.39 19.23 19.16 19.00 18.92 18.85 18.61 18.68 18.61 18.73 18.73 18.75 18.78 18.82 18.88 18.92 19.00 19.12 19.21 19.26 19.29 19.29 19.29 19.30 19.33 19.32 19.29 19.35 19.36 19.29 19.28 19.33 19.29 19.23 19.13 18.97 19.16 19.24 19.26 19.29 19.27 19.22 19.15 19.13 19.06 19.01 18.96 18.89 18.84 18.78 18.70 18.64 18.63 18.60 18.51 18.47 18.46 18.46 18.45 18.41 18.38 18.33 18.28 18.22 18.14 18.04
21.17 21.15 21.14 21.12 21.10 20.98 20.81 20.45 20.09 19.81 19.64 19.45 19.31 19.14 19.01 18.90 18.72 18.70 18.58 18.61 18.75 18.72 18.75 18.78 18.84 18.88 18.93 19.02 19.09 19.16 19.20 19.18 19.13 19.10 19.15 19.17 19.20 19.16 19.25 19.19 19.22 19.15 19.16 19.16 19.14 19.03 19.07 19.11 19.19 19.21 19.19 19.12 19.03 18.98 18.97 18.99 18.96 18.88 18.74 18.68 18.56 18.50 18.62 18.61 18.54 18.34 18.41 18.42 18.43 18.41 18.39 18.36 18.33 18.26 18.21 18.13 18.06
21.05 21.05 20.95 20.91 20.95 20.80 20.67 20.43 20.07 19.86 19.65 19.49 19.32 19.17 19.00 18.89 18.77 18.70 18.69 18.61 18.68 18.70 18.75 18.77 18.82 18.86 18.93 18.98 19.05 19.10 19.11 19.08 19.02 18.93 19.04 19.01 19.04 19.16 19.19 19.20 19.20 19.17 19.14 19.09 19.03 18.91 18.95 19.07 19.14 19.14 19.11 18.95 18.90 18.81 18.82 18.89 18.81 18.74 18.70 18.59 18.52 18.50 18.56 18.58 18.50 18.38 18.29 18.33 18.28 18.33 18.30 18.29 18.25 18.21 18.18 18.13 18.06
20.74 20.91 20.83 20.82 20.71 20.68 20.57 20.40 20.07 19.85 19.59 19.46 19.31 19.03 18.91 18.74 18.63 18.58 18.63 18.62 18.64 18.66 18.62 18.66 18.72 18.76 18.86 18.91 18.91 18.89 18.97 18.88 18.94 18.99 19.03 19.05 18.96 19.06 19.06 19.08 19.09 18.99 19.07 19.02 18.94 18.74 18.89 18.99 19.04 19.06 19.04 18.99 18.90 18.83 18.74 18.76 18.68 18.60 18.60 18.44 18.48 18.52 18.53 18.51 18.48 18.39 18.24 18.10 18.21 18.24 18.16 18.17 18.04 18.03 18.05 18.07 18.00
20.61 20.69 20.68 20.61 20.40 20.45 20.32 20.22 19.99 19.92 19.66 19.43 19.30 19.03 18.79 18.61 18.51 18.51 18.46 18.56 18.56 18.60 18.55 18.48 18.58 18.69 18.75 18.80 18.87 18.87 18.80 18.89 18.88 19.00 19.03 18.98 19.03 18.98 18.89 18.94 19.01 19.01 18.92 18.90 18.85 18.78 18.83 18.83 18.89 18.95 18.93 18.92 18.87 18.76 18.58 18.61 18.51 18.48 18.47 18.35 18.38 18.38 18.38 18.38 18.44 18.38 18.29 18.16 18.05 18.03 18.03 17.99 18.01 18.03 18.04 18.00 17.95
20.39 20.41 20.42 20.34 20.24 20.12 19.95 19.97 19.85 19.77 19.60 19.42 19.26 19.01 18.74 18.54 18.57 18.49 18.41 18.44 18.50 18.52 18.50 18.43 18.41 18.53 18.62 18.68 18.70 18.67 18.76 18.88 18.90 18.98 19.01 18.97 18.98 18.98 18.86 18.89 18.87 18.92 18.86 18.71 18.69 18.54 18.69 18.61 18.68 18.81 18.83 18.82 18.76 18.64 18.46 18.41 18.31 18.36 18.28 18.18 18.20 18.25 18.28 18.31 18.35 18.34 18.25 18.13 18.06 18.04 18.05 17.95 17.99 18.01 17.97 17.92 17.87
20.14 20.13 20.13 20.01 19.87 19.75 19.77 19.74 19.63 19.57 19.54 19.39 19.14 18.87 18.77 18.64 18.59 18.43 18.35 18.35 18.31 18.46 18.48 18.47 18.44 18.46 18.45 18.53 18.53 18.62 18.75 18.84 18.90 18.96 18.89 18.98 18.99 18.94 18.88 18.93 18.73 18.76 18.79 18.75 18.61 18.46 18.57 18.65 18.70 18.66 18.74 18.71 18.63 18.48 18.40 18.25 18.16 18.23 18.16 18.18 18.15 18.14 18.20 18.26 18.26 18.28 18.23 18.16 18.08 18.08 18.08 18.04 18.00 17.96 17.91 17.86 17.72
19.95 20.02 19.97 19.88 19.74 19.55 19.62 19.57 19.46 19.38 19.40 19.30 19.10 18.87 18.75 18.64 18.55 18.45 18.37 18.35 18.21 18.33 18.40 18.43 18.41 18.40 18.42 18.33 18.50 18.58 18.57 18.76 18.87 18.87 18.94 18.96 18.96 18.95 18.92 18.88 18.80 18.64 18.70 18.65 18.62 18.57 18.66 18.66 18.66 18.63 18.64 18.62 18.53 18.43 18.30 18.19 18.10 18.18 18.20 18.15 18.22 18.16 18.23 18.25 18.25 18.23 18.18 18.14 18.09 18.06 18.01 17.98 17.93 17.90 17.83 17.76 17.62
19.76 19.85 19.71 19.65 19.52 19.32 19.30 19.30 19.19 19.22 19.18 19.06 18.97 18.82 18.63 18.46 18.41 18.39 18.32 18.20 18.11 18.11 18.28 18.29 18.24 18.23 18.26 18.11 18.43 18.60 18.64 18.72 18.81 18.85 18.86 18.88 18.88 18.87 18.86 18.83 18.79 18.74 18.73 18.66 18.55 18.44 18.30 18.43 18.53 18.48 18.54 18.51 18.43 18.33 18.21 18.08 18.09 18.10 18.18 18.16 18.17 18.20 18.20 18.20 18.18 18.08 18.07 18.07 18.03 17.99 17.95 17.88 17.86 17.81 17.70 17.65 17.50
