Case 4/source_data/mean_min_2025041120250411.grid
ncols 886
nrows 691
xllcenter 112.0000
yllcenter -44.5000
cellsize 0.0500
nodata_value 99999.90
[rows 374 to 407 of 691, columns 385 to 461 of 886]
15.59 15.65 15.72 15.70 15.85 15.85 15.97 16.05 16.07 16.11 16.16 16.27 16.31 16.33 16.40 16.34 16.24 16.27 16.23 16.32 16.34 16.35 16.39 16.38 16.41 16.48 16.51 16.52 16.58 16.68 16.78 16.76 16.84 16.89 16.86 16.85 16.86 16.84 16.91 16.93 17.00 16.98 17.05 17.08 17.08 17.20 17.21 17.16 17.12 17.14 17.15 17.13 17.10 17.10 17.08 17.04 17.07 17.11 17.10 17.12 17.08 17.01 17.03 17.05 17.06 17.15 17.29 17.36 17.42 17.51 17.56 17.60 17.64 17.66 17.64 17.65 17.63
15.51 15.50 15.59 15.69 15.74 15.71 15.84 16.05 16.05 16.13 16.22 16.26 16.30 16.36 16.43 16.46 16.35 16.43 16.43 16.47 16.43 16.38 16.42 16.47 16.50 16.51 16.58 16.59 16.66 16.74 16.79 16.82 16.87 16.83 16.90 16.98 16.90 16.92 16.97 17.02 17.02 17.08 17.10 17.14 17.16 17.22 17.18 17.19 17.18 17.20 17.18 17.17 17.13 17.11 17.09 17.08 17.13 17.16 17.18 17.16 17.14 17.16 17.11 17.15 17.17 17.15 17.30 17.41 17.50 17.57 17.61 17.65 17.67 17.65 17.69 17.69 17.68
15.64 15.61 15.73 15.73 15.86 15.82 15.94 15.98 16.02 16.10 16.21 16.29 16.34 16.40 16.46 16.48 16.52 16.54 16.56 16.56 16.56 16.56 16.56 16.52 16.57 16.60 16.66 16.72 16.76 16.81 16.83 16.84 16.89 16.89 16.91 16.97 17.09 17.05 17.08 17.04 17.11 17.08 17.12 17.15 17.18 17.26 17.26 17.28 17.28 17.22 17.20 17.19 17.16 17.14 17.13 17.15 17.15 17.21 17.23 17.14 17.23 17.22 17.20 17.14 17.26 17.20 17.34 17.43 17.50 17.54 17.62 17.68 17.71 17.72 17.72 17.70 17.69
15.75 15.68 15.82 15.79 15.93 15.86 15.96 16.13 16.07 16.12 16.30 16.36 16.37 16.43 16.48 16.57 16.56 16.60 16.64 16.66 16.64 16.65 16.57 16.60 16.65 16.69 16.76 16.77 16.80 16.86 16.88 16.92 16.91 16.95 17.02 17.06 17.06 17.10 17.12 17.15 17.13 17.15 17.17 17.24 17.27 17.28 17.32 17.31 17.31 17.29 17.24 17.24 17.22 17.20 17.21 17.21 17.19 17.18 17.29 17.26 17.29 17.30 17.33 17.34 17.43 17.35 17.42 17.48 17.49 17.53 17.60 17.68 17.75 17.75 17.73 17.72 17.70
15.80 15.84 15.88 15.94 15.96 15.92 16.03 16.17 16.25 16.25 16.24 16.44 16.39 16.48 16.51 16.58 16.66 16.68 16.66 16.67 16.68 16.60 16.64 16.68 16.70 16.77 16.85 16.86 16.89 16.93 16.96 16.97 16.97 17.02 17.04 17.08 17.14 17.16 17.14 17.19 17.19 17.23 17.28 17.28 17.30 17.28 17.34 17.32 17.34 17.32 17.29 17.27 17.27 17.26 17.28 17.27 17.29 17.29 17.31 17.35 17.39 17.35 17.47 17.32 17.38 17.46 17.49 17.51 17.46 17.60 17.68 17.77 17.79 17.76 17.77 17.75 17.74
15.75 15.85 15.92 16.00 16.05 16.07 16.06 16.10 16.24 16.36 16.41 16.44 16.46 16.46 16.51 16.73 16.55 16.73 16.70 16.62 16.66 16.67 16.74 16.79 16.82 16.88 16.87 16.89 16.95 17.01 17.03 16.99 17.06 17.08 17.13 17.08 17.16 17.18 17.19 17.24 17.25 17.21 17.34 17.32 17.32 17.32 17.36 17.35 17.35 17.33 17.30 17.32 17.30 17.29 17.30 17.30 17.34 17.33 17.32 17.42 17.43 17.49 17.40 17.43 17.46 17.52 17.52 17.55 17.57 17.64 17.74 17.77 17.83 17.80 17.77 17.77 17.72
15.59 15.81 15.86 15.89 16.07 16.17 16.17 16.16 16.16 16.30 16.40 16.49 16.52 16.57 16.63 16.64 16.71 16.70 16.63 16.66 16.68 16.73 16.76 16.84 16.88 16.95 16.90 16.90 17.02 17.06 17.05 17.07 17.08 17.10 17.12 17.19 17.20 17.21 17.23 17.24 17.33 17.35 17.41 17.35 17.38 17.37 17.38 17.38 17.39 17.39 17.39 17.38 17.40 17.39 17.37 17.38 17.40 17.41 17.42 17.41 17.49 17.48 17.49 17.48 17.55 17.58 17.55 17.61 17.59 17.55 17.66 17.74 17.71 17.74 17.72 17.72 17.71
15.60 15.75 15.74 15.82 16.06 16.17 16.32 16.38 16.34 16.32 16.42 16.50 16.56 16.57 16.64 16.74 16.76 16.70 16.68 16.63 16.70 16.77 16.78 16.84 16.86 16.92 16.95 16.96 16.98 16.99 17.02 17.11 17.11 17.12 17.13 17.16 17.23 17.24 17.26 17.27 17.36 17.45 17.37 17.38 17.39 17.38 17.40 17.40 17.41 17.42 17.43 17.43 17.43 17.43 17.43 17.43 17.43 17.47 17.46 17.46 17.52 17.49 17.54 17.54 17.55 17.60 17.61 17.59 17.58 17.57 17.57 17.51 17.64 17.65 17.67 17.70 17.67
15.59 15.67 15.74 15.92 16.08 16.18 16.28 16.40 16.45 16.50 16.52 16.52 16.58 16.62 16.67 16.75 16.72 16.76 16.75 16.74 16.77 16.80 16.86 16.93 16.93 16.97 17.06 17.00 16.98 17.05 17.12 17.14 17.15 17.18 17.19 17.18 17.27 17.25 17.29 17.33 17.36 17.48 17.38 17.47 17.41 17.42 17.43 17.43 17.44 17.44 17.47 17.45 17.44 17.45 17.45 17.49 17.50 17.52 17.49 17.53 17.55 17.55 17.57 17.57 17.62 17.62 17.62 17.61 17.58 17.55 17.54 17.62 17.55 17.50 17.58 17.64 17.59
15.59 15.68 15.73 15.86 16.02 16.07 16.22 16.39 16.49 16.51 16.58 16.57 16.68 16.72 16.77 16.73 16.73 16.79 16.75 16.77 16.81 16.88 16.92 16.97 17.02 17.09 17.11 17.04 17.04 17.08 17.15 17.14 17.25 17.28 17.25 17.30 17.30 17.31 17.40 17.40 17.41 17.51 17.48 17.43 17.43 17.45 17.45 17.46 17.46 17.45 17.45 17.46 17.46 17.46 17.47 17.50 17.51 17.53 17.52 17.54 17.58 17.55 17.57 17.61 17.66 17.60 17.64 17.61 17.59 17.61 17.61 17.58 17.56 17.49 17.48 17.61 17.62
15.67 15.72 15.77 15.83 15.93 16.05 16.12 16.27 16.39 16.40 16.51 16.64 16.71 16.76 16.80 16.85 16.88 16.83 16.80 16.85 16.88 16.92 16.98 16.95 16.98 17.07 17.07 17.07 17.08 17.13 17.20 17.14 17.21 17.31 17.33 17.32 17.36 17.35 17.40 17.43 17.47 17.47 17.45 17.47 17.47 17.48 17.47 17.48 17.47 17.41 17.47 17.48 17.48 17.48 17.49 17.50 17.53 17.54 17.52 17.55 17.58 17.61 17.61 17.65 17.69 17.70 17.70 17.68 17.65 17.60 17.63 17.63 17.55 17.48 17.45 17.56 17.61
15.66 15.79 15.84 15.91 15.98 16.05 16.18 16.23 16.29 16.33 16.42 16.61 16.74 16.77 16.83 16.87 16.92 16.90 16.91 17.02 16.98 16.99 16.97 17.04 17.07 17.07 17.16 17.21 17.20 17.21 17.23 17.24 17.25 17.32 17.34 17.36 17.45 17.45 17.44 17.52 17.52 17.40 17.43 17.45 17.48 17.49 17.47 17.46 17.49 17.49 17.51 17.51 17.50 17.51 17.50 17.52 17.56 17.55 17.56 17.56 17.57 17.60 17.64 17.68 17.68 17.71 17.71 17.71 17.72 17.65 17.62 17.63 17.59 17.50 17.37 17.52 17.58
15.58 15.74 15.84 15.92 16.05 16.07 16.23 16.29 16.35 16.42 16.54 16.62 16.74 16.81 16.86 16.91 16.95 16.92 17.03 17.09 17.08 17.03 17.00 17.07 17.18 17.10 17.13 17.16 17.32 17.35 17.17 17.24 17.27 17.35 17.37 17.37 17.41 17.49 17.49 17.56 17.44 17.36 17.41 17.42 17.42 17.42 17.44 17.47 17.52 17.52 17.54 17.53 17.54 17.52 17.47 17.53 17.55 17.54 17.54 17.57 17.56 17.55 17.62 17.68 17.70 17.72 17.73 17.72 17.72 17.69 17.64 17.60 17.56 17.50 17.45 17.49 17.56
15.76 15.81 15.98 16.10 16.14 16.13 16.25 16.31 16.47 16.62 16.62 16.74 16.79 16.84 16.89 16.92 17.02 17.02 17.13 17.16 17.11 17.08 17.16 17.13 17.11 17.19 17.19 17.25 17.27 17.28 17.40 17.44 17.42 17.39 17.38 17.43 17.50 17.55 17.58 17.51 17.51 17.46 17.51 17.39 17.36 17.44 17.46 17.52 17.56 17.59 17.60 17.60 17.59 17.57 17.56 17.57 17.58 17.56 17.56 17.56 17.59 17.62 17.67 17.70 17.70 17.64 17.64 17.68 17.65 17.65 17.64 17.62 17.56 17.53 17.47 17.44 17.54
15.90 15.89 16.05 16.18 16.32 16.40 16.45 16.48 16.58 16.72 16.70 16.76 16.83 16.87 16.92 16.98 17.10 17.12 17.20 17.22 17.23 17.24 17.21 17.13 17.20 17.24 17.26 17.27 17.29 17.33 17.39 17.50 17.51 17.51 17.43 17.49 17.52 17.54 17.54 17.39 17.52 17.45 17.44 17.34 17.37 17.44 17.51 17.55 17.61 17.62 17.62 17.62 17.62 17.62 17.62 17.64 17.62 17.64 17.59 17.63 17.59 17.60 17.62 17.67 17.67 17.65 17.65 17.66 17.66 17.65 17.64 17.60 17.52 17.37 17.45 17.43 17.30
15.89 15.91 16.09 16.19 16.30 16.45 16.52 16.60 16.66 16.70 16.74 16.79 16.82 16.77 16.96 17.07 17.13 17.13 17.20 17.22 17.26 17.24 17.22 17.17 17.18 17.28 17.29 17.39 17.41 17.42 17.46 17.52 17.52 17.54 17.45 17.46 17.49 17.56 17.56 17.45 17.47 17.47 17.43 17.43 17.48 17.53 17.55 17.55 17.59 17.61 17.63 17.63 17.62 17.63 17.62 17.64 17.62 17.60 17.60 17.61 17.60 17.58 17.61 17.63 17.75 17.62 17.63 17.63 17.64 17.60 17.62 17.59 17.56 17.47 17.43 17.41 17.43
15.91 15.98 16.09 16.20 16.37 16.45 16.54 16.62 16.70 16.77 16.84 16.90 16.96 16.99 16.85 17.05 17.13 17.20 17.30 17.27 17.21 17.23 17.25 17.27 17.29 17.25 17.29 17.31 17.43 17.44 17.52 17.55 17.55 17.55 17.49 17.64 17.57 17.64 17.56 17.39 17.42 17.51 17.57 17.57 17.57 17.56 17.56 17.56 17.60 17.63 17.64 17.68 17.65 17.65 17.61 17.62 17.61 17.60 17.60 17.62 17.62 17.63 17.63 17.65 17.63 17.64 17.65 17.60 17.63 17.62 17.60 17.59 17.52 17.46 17.45 17.42 17.39
15.89 16.00 16.10 16.19 16.36 16.46 16.56 16.65 16.72 16.79 16.86 16.92 16.98 17.04 17.00 16.98 17.16 17.22 17.30 17.24 17.22 17.27 17.30 17.25 17.32 17.35 17.42 17.45 17.55 17.56 17.58 17.56 17.57 17.58 17.58 17.59 17.59 17.58 17.49 17.48 17.50 17.60 17.59 17.59 17.66 17.56 17.57 17.55 17.62 17.67 17.69 17.68 17.66 17.66 17.63 17.62 17.58 17.59 17.64 17.64 17.64 17.62 17.62 17.65 17.64 17.60 17.64 17.63 17.63 17.59 17.58 17.54 17.51 17.50 17.45 17.40 17.40
15.93 16.00 16.16 16.28 16.39 16.49 16.57 16.66 16.75 16.82 16.90 16.96 17.01 17.10 17.12 17.09 17.04 17.16 17.23 17.30 17.30 17.36 17.31 17.37 17.43 17.50 17.54 17.55 17.62 17.62 17.67 17.63 17.59 17.59 17.60 17.60 17.68 17.61 17.56 17.61 17.67 17.71 17.71 17.67 17.66 17.60 17.59 17.62 17.68 17.66 17.67 17.64 17.63 17.67 17.64 17.63 17.65 17.64 17.65 17.63 17.61 17.58 17.62 17.63 17.61 17.61 17.64 17.68 17.59 17.61 17.58 17.54 17.54 17.50 17.46 17.37 17.38
15.88 16.01 16.19 16.26 16.40 16.50 16.59 16.70 16.82 16.89 16.95 16.98 17.05 17.12 17.13 17.15 17.23 17.18 17.14 17.24 17.39 17.39 17.48 17.54 17.59 17.66 17.63 17.66 17.56 17.59 17.67 17.68 17.61 17.57 17.61 17.61 17.69 17.64 17.69 17.69 17.67 17.61 17.65 17.69 17.72 17.67 17.65 17.67 17.70 17.66 17.63 17.56 17.57 17.64 17.67 17.66 17.63 17.63 17.63 17.60 17.60 17.59 17.58 17.58 17.60 17.61 17.59 17.59 17.57 17.58 17.56 17.56 17.55 17.53 17.48 17.47 17.43
15.84 16.07 16.19 16.31 16.42 16.52 16.62 16.71 16.82 16.92 16.97 17.01 17.06 17.12 17.15 17.20 17.26 17.36 17.29 17.13 17.20 17.24 17.44 17.60 17.60 17.64 17.62 17.58 17.58 17.54 17.52 17.67 17.61 17.58 17.62 17.62 17.59 17.54 17.62 17.65 17.62 17.60 17.61 17.54 17.67 17.68 17.70 17.71 17.68 17.64 17.64 17.58 17.57 17.62 17.67 17.66 17.62 17.57 17.60 17.60 17.59 17.56 17.54 17.57 17.57 17.56 17.58 17.56 17.54 17.56 17.56 17.54 17.54 17.53 17.50 17.45 17.40
15.95 16.08 16.22 16.35 16.42 16.54 16.68 16.77 16.88 16.95 17.00 17.07 17.09 17.13 17.21 17.23 17.26 17.37 17.34 17.31 17.18 17.20 17.28 17.33 17.46 17.58 17.63 17.60 17.51 17.61 17.64 17.61 17.62 17.63 17.63 17.63 17.54 17.49 17.55 17.61 17.57 17.56 17.60 17.61 17.59 17.59 17.67 17.66 17.65 17.56 17.61 17.64 17.63 17.56 17.65 17.65 17.60 17.59 17.58 17.57 17.58 17.57 17.54 17.56 17.56 17.55 17.58 17.57 17.55 17.55 17.55 17.55 17.52 17.52 17.51 17.47 17.40
15.94 16.07 16.20 16.33 16.44 16.61 16.72 16.80 16.91 16.96 17.03 17.12 17.15 17.16 17.21 17.21 17.28 17.32 17.35 17.47 17.40 17.22 17.24 17.24 17.49 17.42 17.56 17.62 17.60 17.52 17.56 17.60 17.68 17.73 17.66 17.57 17.55 17.48 17.43 17.53 17.46 17.51 17.59 17.60 17.50 17.59 17.57 17.60 17.61 17.56 17.55 17.63 17.58 17.54 17.57 17.61 17.59 17.57 17.53 17.51 17.57 17.56 17.55 17.55 17.55 17.54 17.56 17.56 17.55 17.52 17.52 17.52 17.51 17.49 17.46 17.46 17.41
15.90 16.05 16.20 16.32 16.50 16.64 16.75 16.78 16.92 17.00 17.08 17.17 17.15 17.22 17.22 17.20 17.21 17.32 17.39 17.53 17.51 17.36 17.28 17.37 17.33 17.50 17.61 17.53 17.54 17.52 17.63 17.66 17.73 17.72 17.66 17.57 17.59 17.54 17.62 17.53 17.48 17.60 17.58 17.59 17.57 17.55 17.57 17.56 17.56 17.55 17.60 17.59 17.51 17.52 17.53 17.58 17.51 17.46 17.48 17.49 17.56 17.52 17.55 17.60 17.55 17.56 17.55 17.53 17.52 17.49 17.50 17.49 17.49 17.48 17.47 17.46 17.42
15.84 16.05 16.20 16.34 16.46 16.61 16.70 16.85 16.96 17.03 17.10 17.14 17.19 17.27 17.23 17.19 17.22 17.34 17.37 17.51 17.51 17.52 17.38 17.23 17.36 17.51 17.51 17.51 17.46 17.56 17.71 17.66 17.72 17.73 17.73 17.67 17.62 17.57 17.62 17.53 17.60 17.62 17.60 17.58 17.53 17.55 17.57 17.49 17.52 17.49 17.53 17.55 17.49 17.49 17.54 17.50 17.48 17.40 17.45 17.46 17.48 17.54 17.53 17.53 17.50 17.53 17.54 17.53 17.50 17.48 17.49 17.49 17.47 17.46 17.45 17.45 17.40
15.69 15.93 16.17 16.34 16.47 16.60 16.71 16.81 16.97 17.06 17.10 17.16 17.23 17.21 17.13 17.14 17.30 17.35 17.33 17.40 17.59 17.56 17.42 17.16 17.34 17.48 17.44 17.45 17.45 17.56 17.59 17.65 17.65 17.65 17.69 17.65 17.63 17.64 17.61 17.62 17.61 17.72 17.60 17.66 17.61 17.54 17.60 17.54 17.53 17.53 17.50 17.51 17.49 17.46 17.48 17.48 17.46 17.39 17.46 17.47 17.45 17.53 17.53 17.54 17.51 17.51 17.52 17.51 17.49 17.48 17.46 17.47 17.46 17.45 17.43 17.43 17.44
15.78 15.80 16.02 16.29 16.48 16.61 16.72 16.85 16.97 17.07 17.13 17.18 17.16 17.12 17.05 17.22 17.26 17.38 17.46 17.49 17.61 17.54 17.55 17.41 17.18 17.32 17.39 17.43 17.47 17.62 17.61 17.65 17.64 17.65 17.67 17.64 17.65 17.66 17.59 17.61 17.68 17.67 17.71 17.67 17.65 17.58 17.63 17.54 17.53 17.48 17.49 17.41 17.30 17.40 17.44 17.46 17.46 17.36 17.39 17.44 17.49 17.52 17.51 17.52 17.51 17.50 17.52 17.49 17.49 17.47 17.45 17.45 17.44 17.40 17.43 17.41 17.41
15.91 15.83 16.04 16.05 16.36 16.61 16.75 16.86 16.94 17.01 17.09 17.11 17.05 17.03 17.16 17.20 17.33 17.51 17.53 17.58 17.52 17.54 17.56 17.59 17.36 17.27 17.21 17.30 17.58 17.64 17.72 17.71 17.65 17.65 17.65 17.61 17.63 17.68 17.71 17.72 17.59 17.58 17.51 17.66 17.63 17.62 17.59 17.59 17.49 17.40 17.36 17.38 17.30 17.31 17.39 17.43 17.45 17.44 17.30 17.36 17.42 17.44 17.45 17.51 17.52 17.50 17.52 17.52 17.49 17.46 17.45 17.46 17.43 17.39 17.33 17.35 17.41
16.02 16.15 16.25 16.30 16.24 16.43 16.71 16.85 16.95 17.00 17.02 17.04 17.07 17.20 17.24 17.32 17.46 17.51 17.53 17.55 17.59 17.58 17.55 17.58 17.41 17.28 17.24 17.35 17.57 17.63 17.65 17.71 17.72 17.64 17.63 17.62 17.62 17.70 17.60 17.61 17.66 17.57 17.48 17.55 17.54 17.53 17.47 17.54 17.51 17.48 17.44 17.38 17.35 17.33 17.39 17.44 17.41 17.43 17.42 17.41 17.44 17.40 17.43 17.44 17.46 17.50 17.51 17.49 17.45 17.45 17.43 17.43 17.42 17.37 17.24 17.39 17.36
16.03 16.20 16.31 16.50 16.55 16.54 16.57 16.68 16.81 17.12 16.98 17.12 16.98 17.26 17.31 17.35 17.44 17.49 17.52 17.56 17.58 17.57 17.59 17.55 17.43 17.42 17.44 17.40 17.46 17.63 17.63 17.69 17.70 17.62 17.61 17.61 17.67 17.63 17.55 17.58 17.61 17.55 17.54 17.49 17.45 17.51 17.43 17.40 17.40 17.39 17.44 17.44 17.42 17.40 17.39 17.39 17.38 17.40 17.40 17.37 17.46 17.42 17.39 17.41 17.39 17.46 17.47 17.48 17.45 17.42 17.42 17.40 17.41 17.35 17.38 17.38 17.36
16.09 16.30 16.45 16.55 16.63 16.73 16.74 16.59 16.64 16.82 16.85 16.88 17.17 17.18 17.30 17.32 17.36 17.40 17.50 17.51 17.49 17.58 17.56 17.54 17.48 17.43 17.43 17.35 17.42 17.59 17.61 17.62 17.61 17.61 17.62 17.67 17.60 17.58 17.49 17.43 17.50 17.44 17.53 17.43 17.50 17.50 17.47 17.41 17.32 17.37 17.38 17.33 17.37 17.35 17.28 17.30 17.27 17.36 17.42 17.45 17.44 17.48 17.48 17.39 17.37 17.43 17.44 17.43 17.43 17.40 17.36 17.34 17.27 17.38 17.38 17.36 17.34
16.06 16.23 16.40 16.54 16.71 16.84 16.84 16.83 16.79 16.92 16.91 16.91 16.85 16.99 17.18 17.30 17.33 17.39 17.45 17.48 17.46 17.51 17.52 17.53 17.55 17.52 17.43 17.42 17.42 17.47 17.58 17.61 17.60 17.60 17.71 17.67 17.66 17.64 17.56 17.50 17.42 17.41 17.50 17.44 17.51 17.45 17.37 17.37 17.35 17.36 17.40 17.41 17.39 17.33 17.27 17.24 17.27 17.32 17.39 17.44 17.47 17.45 17.51 17.45 17.39 17.36 17.36 17.39 17.34 17.30 17.30 17.32 17.36 17.36 17.28 17.34 17.33
15.99 16.15 16.29 16.43 16.58 16.78 16.88 16.91 16.99 17.05 16.93 16.86 16.83 16.86 17.14 17.07 17.31 17.35 17.38 17.42 17.45 17.48 17.50 17.52 17.54 17.50 17.42 17.47 17.51 17.41 17.41 17.59 17.57 17.68 17.70 17.66 17.65 17.62 17.54 17.52 17.43 17.46 17.50 17.54 17.45 17.36 17.34 17.39 17.39 17.44 17.49 17.46 17.37 17.34 17.25 17.30 17.20 17.30 17.31 17.29 17.37 17.47 17.46 17.37 17.30 17.30 17.24 17.33 17.30 17.29 17.26 17.36 17.34 17.44 17.29 17.32 17.27
15.93 16.08 16.23 16.37 16.51 16.66 16.76 16.83 17.07 17.10 17.17 17.16 17.10 16.92 16.86 16.96 17.18 17.33 17.44 17.46 17.44 17.46 17.48 17.50 17.52 17.50 17.41 17.47 17.50 17.49 17.39 17.44 17.48 17.63 17.65 17.63 17.61 17.61 17.56 17.52 17.45 17.30 17.48 17.53 17.49 17.41 17.45 17.48 17.49 17.49 17.52 17.46 17.33 17.26 17.32 17.35 17.30 17.25 17.34 17.37 17.35 17.35 17.38 17.39 17.37 17.35 17.29 17.33 17.35 17.21 17.30 17.29 17.33 17.37 17.32 17.30 17.25
