Case 4/source_data/mean_min_2025041120250411.grid
ncols 886
nrows 691
xllcenter 112.0000
yllcenter -44.5000
cellsize 0.0500
nodata_value 99999.90
[rows 272 to 305 of 691, columns 693 to 769 of 886]
14.58 14.50 14.36 14.26 14.24 14.10 14.02 13.90 13.78 13.64 13.51 13.15 13.79 13.62 13.90 14.13 14.41 14.69 14.84 14.89 14.86 15.10 15.09 15.06 15.28 15.42 15.60 15.71 16.01 16.10 16.25 16.36 16.45 16.51 16.63 16.73 16.80 16.99 16.99 16.89 17.02 16.82 17.12 17.21 17.32 17.46 17.39 17.30 17.50 17.62 17.76 17.90 17.99 18.02 18.15 18.15 18.22 18.18 17.90 18.09 18.16 18.35 18.50 18.36 18.35 18.55 18.39 18.46 18.33 18.11 18.07 18.01 18.24 18.17 17.78 17.96 17.89
14.52 14.44 14.33 14.13 14.04 14.09 14.01 13.83 13.73 13.53 13.56 13.26 13.77 14.07 13.80 14.41 14.52 14.58 14.69 14.86 14.98 15.11 15.21 15.15 15.42 15.57 15.64 15.80 15.92 16.07 16.16 16.26 16.39 16.55 16.67 16.72 16.80 16.85 17.04 16.63 16.84 16.82 16.93 17.10 17.22 17.39 17.16 15.93 16.86 17.49 17.72 17.88 17.96 18.03 18.00 18.03 18.14 18.17 17.77 18.02 18.21 18.31 18.37 18.31 18.09 18.18 18.50 18.22 18.39 18.23 18.12 17.86 17.74 17.63 17.34 17.78 17.74
14.35 14.30 14.18 14.07 13.99 13.93 13.85 13.79 13.61 13.49 13.07 13.04 13.48 14.17 14.32 14.35 14.43 14.66 14.75 14.75 14.94 15.10 15.22 15.24 15.35 15.52 15.60 15.74 15.86 15.97 16.03 16.21 16.39 16.43 16.49 16.58 16.71 16.92 16.98 16.94 16.75 16.46 16.55 16.95 17.18 17.21 17.13 16.84 17.25 17.43 17.52 17.71 17.86 17.82 17.89 17.89 17.99 18.03 18.02 17.88 18.07 18.31 18.36 18.19 18.11 17.99 17.74 18.11 18.15 18.24 18.05 17.85 17.31 17.40 18.03 17.75 17.73
14.31 14.26 14.15 13.94 13.83 13.89 13.87 13.75 13.58 13.47 13.50 13.06 13.95 14.16 14.31 14.41 14.49 14.52 14.56 14.68 14.89 14.95 15.06 15.24 15.37 15.36 15.54 15.66 15.80 15.85 15.97 16.16 16.26 16.33 16.50 16.58 16.75 16.86 16.88 16.76 16.65 16.60 16.52 16.84 17.07 17.11 17.16 15.88 14.34 15.74 16.09 17.56 17.77 17.74 17.65 17.88 17.97 18.06 18.11 18.00 17.90 18.20 18.28 18.27 18.02 17.99 17.58 17.68 17.97 17.68 18.09 17.86 17.86 17.19 17.82 17.88 17.37
14.22 14.15 14.09 13.96 13.75 13.72 13.74 13.66 13.68 13.58 13.48 13.42 13.38 13.71 14.14 14.33 14.47 14.47 14.64 14.59 14.69 14.58 14.79 15.05 15.32 15.25 15.40 15.58 15.64 15.71 15.85 16.01 16.15 16.33 16.46 16.63 16.73 16.82 16.85 16.71 16.78 16.69 16.52 16.66 16.83 17.00 17.01 15.41 14.86 15.75 15.86 16.91 17.57 17.60 17.60 17.65 17.84 17.93 18.00 18.05 18.06 17.90 17.99 18.19 18.03 17.86 17.31 17.30 17.76 17.81 17.93 17.90 17.72 17.66 17.96 17.61 17.25
14.02 13.98 14.01 13.84 13.69 13.62 13.60 13.66 13.64 13.56 13.39 13.27 13.29 13.74 14.01 14.21 14.34 14.49 14.54 14.69 14.73 14.66 14.93 15.12 15.06 15.11 15.24 15.42 15.40 15.62 15.69 15.95 16.20 16.35 16.46 16.51 16.60 16.75 16.83 16.75 16.71 16.79 16.53 16.52 16.55 16.66 16.71 15.35 14.86 16.08 16.82 17.21 16.93 16.86 16.41 17.34 17.76 17.77 17.84 17.92 17.92 17.73 17.79 18.17 18.06 17.98 17.48 17.62 16.89 17.64 17.48 17.76 17.82 17.65 17.74 17.58 17.27
13.72 13.85 13.88 13.71 13.62 13.39 13.43 13.33 13.56 13.47 13.39 13.28 12.86 13.49 13.69 14.15 14.29 14.36 14.52 14.58 14.77 14.83 14.98 15.09 14.97 14.96 15.03 15.14 15.34 15.60 15.73 15.98 16.10 16.24 16.39 16.48 16.58 16.73 16.76 16.79 16.80 16.77 16.75 16.74 16.48 16.59 16.51 16.61 15.20 14.69 16.03 17.08 17.23 16.61 17.31 17.24 17.58 17.74 17.77 17.70 17.59 17.68 17.83 18.04 18.10 17.82 17.63 17.56 16.87 17.39 17.71 17.83 17.81 17.74 17.73 17.42 17.52
13.86 13.80 13.72 13.68 13.45 13.35 13.19 12.81 13.49 13.42 13.37 13.42 13.40 13.70 13.98 14.06 14.27 14.39 14.48 14.56 14.58 14.64 14.82 14.81 14.71 14.79 14.77 14.88 15.26 15.34 15.72 15.83 15.97 16.12 16.30 16.43 16.55 16.69 16.70 16.68 16.71 16.73 16.79 16.73 16.75 16.52 16.34 16.44 15.38 15.97 15.93 17.21 17.44 17.37 17.44 17.41 17.27 17.63 17.64 17.43 17.46 17.61 17.41 17.91 18.06 17.99 17.81 17.72 17.43 17.42 17.69 17.80 17.79 17.70 17.63 17.62 17.55
13.70 13.59 13.62 13.58 13.28 13.09 13.21 13.38 13.39 13.43 13.34 13.38 13.56 13.72 13.72 13.97 14.19 14.34 14.35 14.08 14.53 14.47 14.53 14.85 14.89 14.81 14.82 14.43 14.90 15.38 15.52 15.69 15.88 16.07 16.28 16.39 16.51 16.66 16.61 16.59 16.62 16.64 16.65 16.70 16.57 16.57 16.58 16.55 15.88 15.95 16.23 17.12 17.34 17.43 17.43 17.49 17.27 17.18 17.31 17.36 17.33 17.52 17.70 17.84 17.95 17.86 17.88 17.79 17.53 17.38 17.78 17.77 17.76 17.66 17.58 17.43 17.65
13.68 13.33 13.54 13.50 13.18 13.16 13.26 13.23 13.17 13.25 13.29 13.24 13.55 13.70 13.80 13.89 14.09 14.17 14.00 13.43 14.34 14.41 14.72 14.73 14.80 14.75 14.69 14.41 14.38 15.13 15.40 15.74 15.79 16.05 16.14 16.26 16.45 16.59 16.58 16.61 16.69 16.70 16.74 16.59 16.71 16.69 16.71 16.61 15.94 16.21 16.11 16.99 17.32 17.43 17.53 17.55 17.38 17.23 17.10 17.27 17.43 17.39 17.68 17.77 17.78 17.66 17.85 17.73 17.58 17.39 17.73 17.52 17.49 17.58 17.45 17.27 17.19
13.55 13.43 13.15 13.40 13.13 13.10 13.08 12.82 12.98 12.94 13.21 13.12 13.48 13.60 13.78 13.79 14.03 13.89 13.94 14.05 14.20 14.35 14.66 14.54 14.40 14.55 14.59 14.54 14.30 14.96 15.14 15.48 15.61 15.94 16.08 16.27 16.43 16.57 16.68 16.71 16.74 16.76 16.72 16.80 16.77 16.70 16.67 16.53 15.93 16.21 16.04 16.89 17.20 17.34 17.42 17.46 17.46 17.20 17.22 16.97 17.36 17.52 17.61 17.71 17.73 17.47 17.71 17.76 17.67 17.63 17.44 17.47 17.41 17.42 17.38 17.05 17.18
13.61 13.48 13.28 13.16 13.18 12.83 12.62 12.64 12.65 13.08 13.16 13.40 13.54 13.65 13.64 13.81 13.72 13.86 13.82 14.16 14.26 14.14 14.59 14.67 14.65 14.60 14.70 14.72 14.72 14.80 14.36 15.22 15.59 15.90 16.11 16.29 16.31 16.53 16.66 16.64 16.68 16.76 16.79 16.75 16.73 16.65 16.45 15.68 16.25 16.44 16.61 16.55 17.08 17.32 17.31 17.39 17.41 17.21 17.24 17.18 16.77 17.33 17.51 17.62 17.67 17.63 17.60 17.56 17.54 17.43 17.32 17.11 17.23 17.32 17.31 17.20 17.17
13.43 13.37 13.01 13.05 13.00 12.73 12.65 12.71 12.55 12.78 12.45 13.10 13.15 13.34 13.65 13.70 13.72 13.91 13.89 14.09 14.31 14.32 14.49 14.59 14.60 14.70 14.58 14.62 14.83 14.81 14.72 14.55 15.53 15.89 16.09 16.21 16.33 16.39 16.63 16.69 16.70 16.71 16.76 16.76 16.71 16.61 16.48 15.92 16.32 16.56 17.00 17.14 17.24 17.32 17.30 17.27 17.29 17.25 17.20 17.19 17.02 17.20 17.42 17.58 17.56 17.57 17.54 17.32 17.37 17.38 17.16 17.06 16.91 17.09 17.22 17.14 16.93
13.33 13.23 13.23 12.94 12.92 12.75 12.88 12.85 12.85 12.79 13.09 13.32 13.11 13.04 12.95 13.66 13.82 13.87 14.01 14.16 14.25 14.01 14.18 14.48 14.61 14.67 14.79 14.83 14.94 14.99 14.83 15.18 15.50 15.86 16.05 16.10 16.26 16.45 16.50 16.66 16.64 16.66 16.69 16.71 16.66 16.62 16.49 15.88 16.34 16.52 16.94 17.10 17.20 17.32 17.39 17.31 17.17 17.28 17.17 17.15 17.11 16.95 17.30 17.43 17.55 17.42 17.49 17.46 17.30 17.16 17.18 16.89 16.93 16.82 17.04 17.06 16.91
13.13 13.09 13.01 13.08 12.94 12.83 12.68 13.00 12.95 13.03 13.07 13.25 13.20 13.24 13.39 13.39 13.82 13.89 13.91 13.81 14.13 13.86 13.91 13.46 14.53 14.54 14.84 14.92 15.00 14.91 14.86 15.34 15.51 15.79 15.92 16.08 16.22 16.25 15.97 16.58 16.67 16.68 16.65 16.65 16.61 16.50 16.30 15.94 16.27 16.54 16.62 17.13 17.23 17.32 17.34 17.29 17.27 17.18 17.13 17.09 17.12 17.06 17.06 17.44 17.54 17.51 17.52 17.40 17.24 17.14 16.77 16.74 16.88 16.97 16.85 16.92 16.88
12.98 12.68 12.89 12.99 12.82 12.99 12.79 12.49 12.93 12.99 13.10 13.12 13.16 13.10 13.47 13.63 13.68 13.58 13.61 13.14 13.92 13.99 13.36 13.93 14.45 14.06 14.66 14.67 15.00 14.88 14.96 15.29 15.30 15.71 15.95 16.08 16.23 16.22 16.38 16.59 16.57 16.58 16.61 16.58 16.57 16.51 16.29 15.96 16.38 16.41 16.94 17.09 17.20 17.14 17.21 17.17 17.14 17.03 17.11 17.13 17.06 17.16 16.87 17.27 17.45 17.46 17.48 17.34 17.25 17.19 17.09 16.84 16.62 16.83 16.82 16.77 16.79
12.62 12.85 12.79 12.75 12.97 13.00 13.14 13.12 12.93 13.14 13.19 13.30 13.33 13.40 13.46 13.40 13.48 13.56 13.44 13.50 13.87 13.97 13.81 13.56 14.29 14.28 14.62 14.74 14.89 14.93 14.76 14.81 15.59 15.74 15.81 16.00 16.18 16.34 16.43 16.54 16.52 16.53 16.49 16.48 16.50 16.46 16.37 16.10 16.39 16.53 16.88 16.98 17.07 17.17 17.19 17.15 17.09 17.05 17.04 17.03 17.10 17.11 16.98 17.32 17.38 17.36 17.36 17.34 17.30 17.24 17.05 16.85 16.42 16.50 16.59 16.63 16.59
12.91 13.04 13.03 12.92 13.00 12.97 13.11 13.17 13.23 13.25 13.20 13.33 13.32 13.29 13.38 13.25 13.37 13.48 13.32 13.47 13.70 13.57 13.85 13.99 14.24 14.42 14.45 14.70 14.88 14.81 14.93 14.97 14.87 15.61 15.80 15.92 16.13 16.25 16.33 16.44 16.42 16.39 16.47 16.45 16.39 16.41 16.40 16.10 16.20 16.40 16.75 17.00 17.12 17.09 17.14 17.00 17.02 17.04 16.98 16.99 17.05 17.01 17.08 17.22 17.33 17.35 17.30 17.24 17.13 17.16 17.01 16.85 16.57 16.04 16.36 16.54 16.25
12.55 12.80 13.03 13.01 13.12 13.13 13.08 13.14 13.14 13.27 13.19 13.07 13.05 13.28 13.26 13.33 13.18 13.37 13.13 13.36 13.36 13.07 13.69 13.84 13.94 14.21 14.03 14.25 14.46 14.82 14.46 14.05 15.14 15.46 15.71 15.97 16.04 16.12 16.25 16.40 16.46 16.35 16.43 16.45 16.44 16.34 16.31 16.37 16.15 16.01 16.83 16.94 17.06 16.95 16.99 16.94 16.88 16.87 16.96 17.00 16.98 17.05 17.09 17.19 17.22 17.22 17.25 17.19 17.11 16.98 16.94 16.83 16.64 16.40 16.23 16.23 16.25
12.33 12.47 12.59 12.48 12.86 13.05 13.13 13.12 13.21 13.12 13.07 13.10 13.16 13.29 13.25 13.19 13.32 13.29 13.25 13.22 13.26 13.29 13.49 13.38 14.01 13.39 13.91 13.73 14.63 14.21 14.20 13.99 14.93 15.51 15.78 15.83 15.94 16.09 16.22 16.30 16.35 16.35 16.24 16.29 16.33 16.36 16.42 16.34 15.91 16.03 16.64 16.84 16.95 17.03 16.91 16.90 16.93 16.92 16.85 16.80 16.88 16.94 17.04 17.13 17.19 17.23 17.16 17.20 17.08 16.66 16.88 16.75 16.60 16.21 15.92 16.29 16.17
12.37 12.50 12.49 12.29 11.95 12.81 12.98 13.03 13.13 13.04 13.01 13.11 13.22 13.24 13.14 13.23 13.13 12.99 13.27 13.26 13.20 12.99 12.71 13.12 13.62 12.42 13.02 13.83 13.88 13.70 14.43 15.23 15.27 15.50 15.13 15.78 15.95 16.07 15.72 16.12 16.27 16.39 16.23 16.27 16.17 16.17 16.12 15.82 15.97 16.34 16.48 16.77 16.92 16.84 16.92 16.84 16.75 16.75 16.64 16.74 16.65 16.87 16.96 16.84 17.02 17.17 17.20 17.09 17.04 16.89 16.79 16.55 16.35 16.29 15.88 15.98 16.23
12.40 12.40 12.23 12.15 12.20 11.97 12.47 12.75 12.96 13.01 13.02 13.15 13.08 13.04 13.04 13.16 13.08 12.77 13.06 12.90 13.00 13.05 12.80 11.99 12.58 11.98 12.78 12.78 12.64 12.86 14.39 13.59 14.40 15.30 15.50 15.68 15.86 15.99 15.66 15.88 16.03 16.25 16.25 16.19 16.06 16.00 15.88 15.41 15.94 16.08 16.44 16.72 16.76 16.79 16.77 16.71 16.64 16.60 16.55 16.60 16.70 16.76 16.84 16.90 16.80 17.11 17.15 17.05 17.06 16.95 16.79 16.25 16.49 16.30 15.95 15.48 16.18
12.39 12.28 12.26 12.26 12.17 12.02 11.85 12.34 12.92 12.85 12.96 12.99 12.37 12.84 12.95 13.06 13.02 13.05 12.98 12.86 12.45 12.05 12.10 11.89 11.54 12.65 12.48 13.21 13.86 14.55 13.78 14.42 14.80 15.02 15.41 15.69 15.81 15.84 15.87 15.46 15.79 16.12 16.17 16.10 16.02 15.81 15.64 15.30 15.67 16.35 16.57 16.58 16.69 16.67 16.57 16.50 16.48 16.44 16.33 16.48 16.57 16.64 16.77 16.86 16.45 16.99 17.10 17.08 16.91 16.95 16.77 16.45 16.53 16.16 16.00 15.59 15.96
12.04 12.00 12.25 12.32 12.23 12.11 12.16 12.53 12.53 12.51 12.55 12.90 12.29 12.29 12.51 12.84 13.03 12.58 12.91 12.76 12.52 11.72 11.36 11.58 11.85 12.28 11.82 12.81 13.16 13.72 13.36 14.47 13.58 14.53 15.43 15.61 15.55 15.61 15.62 15.20 15.79 16.01 16.03 15.98 15.92 15.65 15.66 14.80 16.18 16.42 16.52 16.60 16.58 16.51 16.30 16.33 16.19 16.11 16.10 16.39 16.42 16.54 16.63 16.71 16.69 16.82 17.01 17.02 16.82 16.74 16.73 16.38 16.33 16.30 15.93 15.42 15.88
12.26 12.19 12.12 12.32 12.20 12.15 12.21 12.24 12.24 12.24 12.48 12.75 12.51 12.59 11.99 12.17 12.75 11.83 12.54 12.37 11.72 11.64 11.67 11.99 11.23 10.79 12.73 13.14 13.46 12.50 13.34 13.79 14.88 15.00 15.15 14.98 15.38 15.12 15.47 15.27 15.62 15.85 15.86 15.81 15.71 15.66 15.20 15.53 15.16 16.25 16.39 16.39 16.39 16.18 16.24 16.05 15.98 15.91 16.09 16.17 16.29 16.48 16.58 16.66 16.72 16.77 16.95 16.91 16.70 16.75 16.70 16.65 16.36 16.16 16.26 15.68 16.08
12.25 12.26 12.21 12.24 12.17 12.20 12.28 12.36 12.41 12.60 12.47 12.66 12.51 12.17 12.07 12.01 12.33 11.65 11.90 12.02 11.94 11.81 11.66 11.28 11.61 11.59 12.29 12.65 11.42 13.42 12.29 14.29 14.49 14.58 15.05 15.12 15.11 15.04 15.24 15.22 15.20 15.54 15.56 15.68 15.50 14.58 14.68 15.13 15.53 15.98 16.16 16.14 16.19 15.98 16.01 15.77 15.47 15.50 15.63 15.83 16.11 16.32 16.44 16.58 16.57 16.18 16.83 16.92 16.78 16.82 16.74 16.45 16.31 16.43 16.24 16.08 15.99
12.34 12.28 12.26 12.21 12.09 11.86 12.25 12.31 12.36 12.08 12.22 12.47 12.03 11.84 11.82 11.78 11.97 11.85 11.90 11.54 11.58 11.56 11.59 11.91 11.62 11.61 11.42 11.13 11.05 11.86 11.68 11.96 13.37 14.62 14.87 14.55 14.89 14.55 15.16 15.29 15.05 15.00 15.36 15.47 15.46 15.06 15.04 14.75 15.24 15.80 15.91 15.92 15.82 15.97 15.67 15.15 15.23 15.21 15.35 15.51 15.82 16.22 16.28 16.36 16.43 16.24 16.78 16.87 16.50 16.77 16.67 16.55 16.36 15.96 15.66 15.63 15.68
12.07 12.13 12.16 12.01 12.08 12.03 12.01 12.13 12.27 12.17 12.12 12.27 12.06 12.03 11.98 11.98 11.99 11.92 11.69 11.58 11.58 11.72 11.79 11.70 11.48 11.48 11.74 11.58 11.16 11.80 11.34 12.85 14.02 13.79 14.56 14.39 14.67 14.89 15.00 15.09 15.26 14.54 15.14 15.17 15.02 15.19 14.79 15.00 15.04 15.57 15.48 15.53 15.61 15.29 14.51 14.90 15.06 15.21 15.18 15.68 15.65 15.89 16.05 16.09 16.36 16.46 16.60 16.76 16.74 16.73 16.61 16.37 16.26 15.89 15.83 15.68 15.44
12.10 12.06 11.97 11.81 11.95 11.89 11.80 11.83 12.07 11.95 12.06 12.11 12.04 12.09 12.09 12.10 11.89 11.87 11.71 11.71 11.85 11.82 11.52 11.28 11.52 11.93 11.48 12.00 11.52 12.14 12.16 10.92 12.93 14.02 14.29 14.43 14.51 14.60 14.69 14.76 14.90 14.93 14.93 14.82 14.14 14.50 14.65 14.86 14.89 15.04 14.76 14.79 15.05 14.34 14.71 14.39 14.90 15.23 14.83 15.42 15.38 15.45 15.67 15.89 16.24 16.49 16.09 16.53 16.50 16.55 16.48 16.39 15.77 15.86 15.78 15.58 15.58
12.18 12.24 12.07 12.04 11.91 12.00 11.85 11.79 12.00 12.07 12.05 12.12 12.14 12.05 11.61 11.89 11.81 11.93 11.64 11.74 11.60 11.04 11.47 11.62 11.39 11.94 11.82 11.62 11.56 10.60 12.33 12.93 12.93 13.74 13.90 14.05 14.15 13.98 14.29 14.45 14.49 14.62 14.66 14.41 14.03 14.46 14.33 14.52 14.39 14.51 14.29 13.92 14.18 14.47 14.47 14.64 14.75 15.26 15.15 15.34 15.32 15.32 15.49 15.31 15.83 16.16 15.97 16.28 16.44 16.47 16.52 16.23 16.12 16.14 15.72 15.41 15.43
12.29 12.21 12.14 12.09 12.10 12.01 11.94 11.99 12.01 12.16 12.10 12.14 11.92 11.98 11.77 11.58 11.10 11.58 11.57 11.55 11.39 11.01 11.25 11.63 11.66 11.53 11.74 11.80 11.69 11.78 11.59 11.99 12.54 13.29 13.35 13.48 13.68 13.79 14.00 13.99 14.18 14.23 14.32 14.24 13.32 13.66 13.75 14.00 14.16 13.96 13.93 13.90 14.08 14.19 14.58 14.79 14.67 15.15 15.46 15.22 15.46 15.39 15.56 15.41 15.40 15.25 16.08 16.11 16.23 16.16 16.42 16.25 16.02 15.79 15.73 15.49 15.55
12.17 12.08 12.01 12.01 11.78 11.84 11.72 11.96 12.09 12.08 12.15 12.09 12.08 11.93 11.71 11.50 11.45 10.94 11.32 11.51 11.50 11.42 11.13 11.56 11.74 11.71 11.68 11.57 11.58 11.88 11.74 12.12 11.57 12.59 12.76 12.79 12.46 12.51 13.41 13.60 13.70 13.85 13.97 13.86 13.66 12.76 12.99 13.23 13.62 13.41 13.91 13.89 14.07 14.53 14.27 14.62 14.86 15.11 15.42 15.26 15.35 15.68 15.61 15.42 15.18 15.58 15.50 15.97 16.17 16.27 16.38 16.25 16.20 16.13 15.69 15.64 15.23
12.21 12.10 12.04 11.92 11.82 11.85 11.97 11.82 12.06 12.02 12.06 12.04 11.94 11.89 11.83 11.69 11.53 11.30 11.48 11.70 11.44 11.38 11.10 11.51 11.77 11.56 11.59 11.57 11.77 11.87 11.70 11.78 11.57 10.70 11.31 11.83 12.32 12.29 12.91 12.79 13.09 13.41 13.57 13.54 13.45 12.43 12.62 13.16 13.06 13.30 13.62 13.65 13.84 13.94 14.38 14.89 15.02 15.21 15.39 15.13 15.49 15.54 15.57 15.37 15.29 15.20 15.67 15.53 15.65 15.99 16.03 16.27 15.49 15.34 15.39 15.32 15.14
12.24 12.17 12.07 12.03 11.80 11.96 12.02 11.95 11.98 12.17 12.10 12.04 11.84 11.87 11.85 11.73 11.69 11.60 11.62 11.58 11.33 11.30 11.60 11.53 11.50 11.35 11.39 11.55 11.61 11.65 11.64 11.71 11.49 11.42 11.12 10.81 11.35 11.44 11.69 12.18 12.01 12.49 13.01 13.34 13.36 13.14 12.36 12.97 12.90 13.66 13.56 13.57 14.03 14.06 14.36 14.66 14.86 14.78 14.88 15.44 15.54 15.49 15.49 15.28 15.33 15.20 15.18 15.58 15.38 15.97 15.98 16.15 15.89 15.30 15.33 15.11 15.03
