Case 4/source_data/mean_min_2025041120250411.grid
ncols 886
nrows 691
xllcenter 112.0000
yllcenter -44.5000
cellsize 0.0500
nodata_value 99999.90
[rows 408 to 441 of 691, columns 77 to 153 of 886]
17.60 17.54 17.54 17.46 17.30 17.10 16.79 16.62 16.55 16.37 16.26 16.20 16.14 16.05 15.90 15.84 15.76 15.84 15.93 15.83 15.77 15.81 15.84 15.74 15.90 15.93 16.07 16.21 16.31 16.30 16.26 16.59 16.72 16.85 16.80 16.97 17.04 17.15 17.08 17.32 17.31 17.26 17.14 17.12 17.27 17.21 17.23 17.25 17.24 17.22 17.15 17.04 17.07 17.08 16.99 16.86 16.73 16.84 16.69 16.63 16.50 16.63 16.61 16.54 16.43 16.33 16.28 16.32 16.26 16.25 16.18 16.19 16.13 16.02 16.01 16.03 15.84
17.57 17.46 17.43 17.39 17.21 17.04 16.81 16.61 16.52 16.48 16.28 16.19 16.07 16.00 15.94 15.87 15.88 15.91 16.00 15.90 15.94 15.88 15.78 15.69 15.92 15.99 16.18 16.21 16.31 16.38 16.30 16.54 16.74 16.87 16.92 17.06 17.14 17.20 17.23 17.29 17.38 17.32 17.27 17.16 17.03 17.30 17.41 17.38 17.28 17.30 17.39 17.09 17.11 17.13 17.13 17.05 16.99 16.93 16.86 16.70 16.68 16.64 16.58 16.48 16.38 16.29 16.14 16.16 16.16 16.15 15.96 16.02 16.10 16.01 15.88 15.88 15.86
17.35 17.34 17.27 17.27 17.09 16.89 16.59 16.70 16.57 16.43 16.37 16.22 16.04 15.96 15.96 15.86 16.00 16.07 16.05 16.04 15.88 15.86 15.83 15.84 15.85 16.08 16.19 16.19 16.27 16.41 16.32 16.55 16.73 16.82 17.00 17.11 17.22 17.27 17.23 17.26 17.42 17.34 17.35 17.16 17.17 17.34 17.46 17.26 17.27 17.27 17.41 17.37 17.22 17.15 17.11 16.99 17.06 16.93 16.79 16.75 16.71 16.45 16.49 16.36 16.17 16.14 16.06 16.10 16.22 16.04 16.07 16.10 16.19 16.14 15.92 15.99 15.93
17.23 17.27 17.26 17.18 16.90 16.80 16.71 16.74 16.53 16.43 16.35 16.26 16.20 16.02 16.02 16.07 16.10 16.11 16.10 16.13 16.05 16.03 15.94 15.99 15.85 16.12 16.23 16.23 16.17 16.17 16.44 16.58 16.60 16.82 16.78 17.13 17.18 17.23 17.20 17.31 17.43 17.41 17.28 17.24 17.32 17.38 17.48 17.38 17.30 17.26 17.34 17.47 17.41 17.31 17.33 17.16 17.20 16.99 16.67 16.62 16.57 16.45 16.30 16.23 16.37 16.22 16.23 16.12 16.26 16.16 16.17 16.19 16.23 16.15 16.08 15.92 15.86
17.22 17.14 17.18 17.18 17.02 16.83 16.78 16.62 16.52 16.39 16.27 16.21 16.12 16.08 16.17 16.11 16.09 16.02 16.18 16.17 16.14 16.12 16.15 16.12 16.09 16.04 16.13 16.19 16.12 16.30 16.48 16.69 16.73 16.63 16.85 17.09 17.12 17.17 17.08 17.19 17.34 17.47 17.45 17.37 17.17 17.41 17.43 17.47 17.32 17.20 17.39 17.29 17.48 17.46 17.48 17.32 17.15 16.96 16.62 16.70 16.59 16.55 16.32 16.30 16.34 16.36 16.19 16.16 16.28 16.20 16.21 16.24 16.21 15.99 16.04 16.05 15.99
17.08 17.04 17.08 17.08 16.90 16.83 16.57 16.55 16.45 16.32 16.25 16.29 16.20 16.12 16.15 16.18 16.23 16.24 16.10 16.11 16.25 16.15 16.20 16.12 16.17 16.14 16.05 16.04 16.28 16.43 16.61 16.72 16.62 16.82 16.86 16.88 16.97 16.97 17.09 17.08 17.27 17.42 17.52 17.43 17.33 17.28 17.50 17.51 17.45 17.45 17.52 17.40 17.57 17.53 17.40 17.27 17.04 16.93 16.67 16.66 16.68 16.63 16.43 16.27 16.36 16.43 16.24 16.20 16.27 16.24 16.23 16.20 16.18 16.12 16.10 15.98 15.78
17.01 16.93 17.01 17.04 16.87 16.71 16.61 16.42 16.26 16.29 16.30 16.32 16.32 16.27 16.30 16.30 16.32 16.23 16.29 16.31 16.33 16.30 16.29 16.29 16.33 16.22 16.16 16.25 16.44 16.48 16.69 16.65 16.74 16.91 16.92 16.92 16.94 16.88 17.14 17.26 17.36 17.39 17.53 17.42 17.38 17.22 17.39 17.52 17.55 17.50 17.60 17.62 17.45 17.48 17.32 17.03 16.89 16.70 16.77 16.63 16.76 16.67 16.44 16.49 16.39 16.40 16.38 16.34 16.30 16.21 16.17 16.09 16.06 16.05 16.01 15.82 15.66
16.99 16.89 16.87 16.95 16.83 16.67 16.45 16.32 16.39 16.44 16.37 16.29 16.34 16.39 16.39 16.41 16.42 16.41 16.40 16.33 16.34 16.30 16.35 16.28 16.30 16.25 16.10 16.35 16.29 16.56 16.69 16.75 16.81 16.81 16.86 16.92 16.99 16.94 16.98 17.13 17.28 17.45 17.53 17.47 17.42 17.17 17.34 17.54 17.58 17.60 17.66 17.60 17.37 17.41 17.28 17.05 16.84 16.71 16.85 16.65 16.69 16.71 16.42 16.53 16.44 16.45 16.32 16.23 16.19 16.08 15.99 15.96 15.93 16.02 15.95 15.78 15.77
17.06 16.98 16.87 16.95 16.80 16.53 16.51 16.42 16.38 16.51 16.40 16.37 16.38 16.45 16.38 16.41 16.28 16.37 16.33 16.36 16.35 16.34 16.30 16.30 16.21 16.22 16.15 16.28 16.49 16.63 16.55 16.65 16.78 16.81 16.89 17.00 17.05 17.10 17.14 17.11 17.23 17.44 17.52 17.43 17.35 17.26 17.50 17.60 17.63 17.70 17.66 17.50 17.38 17.22 17.01 16.83 16.89 16.84 16.93 16.78 16.61 16.70 16.64 16.44 16.48 16.39 16.20 15.98 15.98 15.96 15.76 15.90 15.97 15.89 15.83 15.65 15.78
17.04 17.03 16.82 16.87 16.74 16.56 16.49 16.64 16.39 16.50 16.53 16.46 16.39 16.31 16.49 16.50 16.19 16.29 16.26 16.21 16.39 16.35 16.31 16.15 16.27 16.14 16.25 16.36 16.45 16.55 16.47 16.73 16.86 16.82 16.78 17.01 17.07 17.17 17.15 17.12 17.25 17.34 17.46 17.42 17.30 17.23 17.48 17.64 17.70 17.65 17.60 17.49 17.30 17.29 17.11 16.97 16.95 16.91 16.94 16.85 16.77 16.70 16.68 16.39 16.41 16.34 16.18 15.96 15.77 15.76 15.61 15.84 15.92 15.85 15.71 15.63 15.78
16.98 16.80 16.78 16.91 16.81 16.65 16.63 16.58 16.58 16.54 16.55 16.49 16.41 16.38 16.31 16.54 16.45 16.48 16.48 16.29 16.35 16.27 16.20 16.21 16.21 16.21 16.30 16.45 16.54 16.62 16.67 16.70 16.79 16.86 16.82 16.99 17.10 17.08 17.11 17.07 17.22 17.41 17.40 17.38 17.27 17.37 17.53 17.65 17.72 17.64 17.41 17.36 17.24 17.37 17.22 16.90 16.81 16.79 16.75 16.75 16.81 16.71 16.64 16.47 16.17 16.21 16.16 15.99 15.74 15.69 15.66 15.83 15.83 15.74 15.57 15.57 15.72
17.02 17.04 16.83 16.87 16.93 16.56 16.50 16.53 16.66 16.54 16.48 16.44 16.40 16.33 16.42 16.54 16.56 16.36 16.34 16.25 16.27 16.20 16.17 16.15 16.24 16.31 16.32 16.43 16.29 16.55 16.64 16.70 16.76 16.76 16.88 16.96 17.05 17.12 17.10 17.11 16.97 17.37 17.46 17.36 17.26 17.45 17.58 17.67 17.74 17.68 17.45 17.44 17.31 17.26 17.34 17.08 17.09 17.04 16.93 16.93 16.81 16.71 16.59 16.44 16.21 16.07 16.08 15.86 15.72 15.72 15.80 15.82 15.79 15.74 15.70 15.68 15.66
16.96 17.05 17.00 16.92 16.71 16.70 16.57 16.67 16.44 16.60 16.48 16.42 16.34 16.29 16.37 16.46 16.42 16.57 16.43 16.36 16.37 16.37 16.24 16.24 16.23 16.34 16.39 16.44 16.48 16.53 16.59 16.60 16.61 16.76 16.84 16.89 16.97 17.06 17.07 17.05 17.25 17.36 17.42 17.41 17.27 17.43 17.49 17.69 17.70 17.52 17.36 17.57 17.42 17.42 17.39 17.30 17.25 17.18 17.03 16.84 16.60 16.50 16.36 16.26 16.14 16.04 15.92 15.65 15.69 15.76 15.76 15.73 15.59 15.61 15.57 15.60 15.58
16.94 16.92 16.80 16.87 16.78 16.75 16.57 16.53 16.30 16.39 16.51 16.44 16.42 16.25 16.39 16.30 16.39 16.53 16.42 16.36 16.16 16.36 16.35 16.24 16.32 16.34 16.34 16.28 16.42 16.47 16.51 16.60 16.51 16.65 16.64 16.66 16.84 16.90 17.00 17.06 17.20 17.33 17.16 17.11 17.32 17.46 17.62 17.71 17.72 17.68 17.58 17.64 17.44 17.52 17.46 17.36 17.10 16.93 16.94 16.76 16.56 16.41 16.14 15.90 15.99 15.86 15.74 15.64 15.61 15.54 15.70 15.62 15.47 15.27 15.37 15.32 15.48
17.07 17.02 16.80 16.89 16.86 16.42 16.26 16.27 16.20 16.27 16.46 16.33 16.41 16.34 16.32 16.27 16.38 16.48 16.40 16.16 16.29 16.16 16.07 16.28 16.27 16.16 16.24 16.28 16.27 16.35 16.29 16.46 16.58 16.58 16.62 16.61 16.65 16.79 17.00 17.09 17.15 17.32 17.30 17.18 17.45 17.57 17.66 17.58 17.70 17.69 17.69 17.63 17.63 17.58 17.45 17.27 17.09 16.80 16.77 16.75 16.61 16.39 16.10 15.87 15.83 15.76 15.57 15.58 15.42 15.54 15.62 15.51 15.44 15.24 14.99 15.15 15.28
16.73 16.84 16.80 16.89 16.88 16.61 16.23 16.30 16.17 16.19 16.24 16.26 16.27 16.23 16.25 16.20 16.21 16.42 16.33 16.30 16.16 16.21 16.17 16.00 16.07 16.04 16.07 16.15 16.06 16.11 16.20 16.20 16.26 16.44 16.42 16.36 16.57 16.76 16.85 17.01 17.18 17.23 17.17 17.22 17.50 17.48 17.46 17.50 17.62 17.65 17.68 17.66 17.62 17.47 17.47 17.31 16.97 16.76 16.58 16.60 16.42 16.40 16.12 15.88 15.65 15.61 15.42 15.56 15.50 15.54 15.54 15.42 15.30 15.26 15.09 15.19 15.23
16.82 16.68 16.85 16.89 16.80 16.70 16.47 16.23 16.00 16.14 16.14 16.28 16.25 16.19 16.22 16.26 16.21 16.24 16.31 16.24 16.11 16.08 16.17 16.09 16.05 16.15 16.08 16.07 16.12 16.20 16.28 16.24 16.28 16.26 16.43 16.44 16.39 16.69 16.79 17.01 17.14 17.22 17.23 17.13 17.46 17.51 17.35 17.38 17.41 17.51 17.58 17.57 17.55 17.42 17.39 17.30 17.02 16.83 16.44 16.46 16.37 16.31 16.11 15.82 15.51 15.55 15.47 15.56 15.56 15.53 15.42 15.34 15.13 15.01 14.95 15.00 15.01
17.14 17.05 16.75 16.86 16.74 16.77 16.40 16.30 16.11 15.91 15.96 16.15 16.25 16.21 16.11 16.11 16.16 16.14 16.26 16.08 16.10 15.91 16.06 16.08 16.11 16.14 16.10 16.05 16.12 16.10 16.27 16.28 16.24 16.36 16.39 16.32 16.39 16.55 16.67 16.87 17.03 17.15 17.17 17.28 17.43 17.41 17.33 17.49 17.36 17.33 17.43 17.33 17.48 17.27 17.27 17.27 17.03 16.86 16.64 16.32 16.24 16.29 16.12 15.89 15.66 15.65 15.59 15.56 15.51 15.39 15.33 15.20 15.07 14.94 15.01 14.97 15.07
17.39 16.77 16.85 16.75 16.70 16.73 16.67 16.52 16.20 15.91 15.98 16.06 16.12 16.07 16.06 16.03 16.00 16.05 16.16 16.10 15.87 15.97 15.97 15.95 15.89 16.05 16.07 16.08 16.12 16.16 16.08 16.23 16.26 16.17 16.15 16.18 16.31 16.44 16.61 16.72 16.86 16.96 17.16 17.32 17.28 17.27 17.41 17.54 17.52 17.42 17.25 17.28 17.39 17.18 17.22 17.19 16.99 16.79 16.57 16.33 16.25 16.18 16.02 15.67 15.58 15.56 15.56 15.45 15.37 15.18 15.28 15.12 14.98 14.84 14.85 14.97 14.98
17.45 17.27 17.04 16.75 16.65 16.70 16.51 16.20 16.04 16.00 15.90 16.02 16.13 16.14 16.06 15.90 15.75 15.85 16.05 15.98 15.82 15.93 15.90 15.86 15.76 15.76 15.83 15.97 16.01 16.02 16.15 16.14 16.06 16.16 16.25 16.25 16.24 16.28 16.31 16.55 16.77 16.96 17.12 17.26 17.31 17.38 17.44 17.33 17.44 17.45 17.36 17.28 17.22 17.18 17.19 16.95 16.91 16.62 16.47 16.29 16.20 16.09 15.85 15.71 15.52 15.54 15.49 15.37 15.06 15.11 15.19 15.03 15.00 14.78 14.80 14.79 14.81
17.41 17.30 16.89 16.85 16.65 16.77 16.38 16.22 16.09 16.07 15.78 15.83 16.06 16.13 15.92 15.81 15.75 15.87 15.96 15.82 15.83 15.84 15.79 15.70 15.67 15.69 15.60 15.73 15.84 15.86 15.92 16.06 16.07 16.09 16.00 16.12 16.04 16.17 16.10 16.28 16.58 16.78 16.84 17.07 17.26 17.32 17.26 17.21 17.22 17.21 17.20 17.08 17.10 17.10 17.10 16.94 16.69 16.65 16.28 16.25 16.19 15.96 15.76 15.58 15.60 15.53 15.47 15.20 15.04 15.02 15.07 14.95 14.80 14.77 14.71 14.74 14.85
17.38 17.31 17.12 16.86 16.55 16.74 16.54 16.12 15.93 15.79 15.75 16.04 15.90 15.88 15.59 15.76 15.67 15.83 15.64 15.63 15.65 15.68 15.71 15.69 15.61 15.65 15.68 15.76 15.69 15.56 15.81 15.95 15.97 16.01 16.04 15.91 15.92 15.90 16.11 16.31 16.39 16.48 16.66 16.76 17.09 17.25 17.20 17.25 17.24 17.17 17.16 16.97 16.96 16.95 16.98 16.84 16.53 16.47 16.23 16.23 16.02 15.81 15.74 15.53 15.57 15.52 15.30 15.17 14.98 14.99 14.93 14.93 14.83 14.62 14.67 14.70 14.72
17.39 17.30 17.22 16.97 16.57 16.61 16.18 16.11 16.07 15.97 15.84 15.84 15.94 15.86 15.65 15.64 15.71 15.70 15.63 15.56 15.40 15.48 15.50 15.48 15.58 15.60 15.66 15.55 15.53 15.53 15.54 15.71 15.88 15.87 15.81 15.88 15.85 15.76 15.91 16.03 16.35 16.42 16.54 16.85 17.03 17.13 17.20 17.21 17.20 17.13 17.03 16.91 16.77 16.79 16.71 16.78 16.49 16.34 16.15 16.00 15.94 15.73 15.75 15.69 15.58 15.38 15.24 15.04 15.07 15.02 14.85 14.82 14.74 14.61 14.59 14.71 14.75
17.43 17.19 17.18 16.97 16.54 16.51 16.57 16.18 16.24 16.10 16.03 15.77 15.86 15.84 15.58 15.53 15.56 15.54 15.40 15.39 15.39 15.31 15.28 15.35 15.46 15.54 15.55 15.43 15.60 15.55 15.56 15.66 15.76 15.72 15.63 15.49 15.67 15.78 15.76 16.03 16.25 16.31 16.51 16.75 16.80 16.91 16.92 17.02 16.97 16.88 16.99 16.86 16.69 16.58 16.65 16.67 16.49 16.29 15.93 15.83 15.78 15.69 15.62 15.55 15.49 15.34 15.14 14.96 15.03 14.87 14.67 14.64 14.61 14.56 14.49 14.59 14.67
17.42 17.18 17.11 17.05 16.48 16.46 16.13 16.10 16.19 15.95 15.85 15.89 15.43 15.54 15.52 15.34 15.48 15.42 15.17 15.15 15.06 15.07 15.27 15.18 15.42 15.44 15.48 15.50 15.60 15.60 15.57 15.63 15.63 15.59 15.55 15.49 15.41 15.68 15.77 15.99 15.98 16.30 16.44 16.58 16.63 16.77 16.79 16.86 16.92 16.88 16.67 16.66 16.60 16.42 16.48 16.43 16.41 16.07 15.96 15.64 15.58 15.54 15.59 15.37 15.39 15.15 14.98 14.94 14.86 14.84 14.64 14.46 14.51 14.40 14.51 14.57 14.50
17.51 17.26 17.11 17.02 16.61 16.36 16.09 15.93 15.79 15.38 15.58 15.66 15.56 15.22 15.27 15.31 15.19 15.26 15.16 15.05 14.90 15.04 15.12 15.21 15.21 15.20 15.35 15.43 15.50 15.52 15.48 15.49 15.45 15.45 15.37 15.36 15.47 15.64 15.76 15.89 16.00 16.14 16.18 16.28 16.33 16.58 16.61 16.65 16.70 16.69 16.69 16.51 16.43 16.33 16.28 16.08 16.17 16.12 15.96 15.75 15.44 15.49 15.43 15.39 15.30 15.08 14.97 14.73 14.64 14.70 14.58 14.45 14.44 14.41 14.43 14.50 14.39
17.55 17.30 17.12 17.02 16.63 16.50 16.09 16.05 15.77 15.59 15.40 15.15 15.27 15.13 14.93 14.95 15.08 14.81 14.93 14.89 15.01 15.02 15.01 14.91 15.00 14.94 15.09 15.12 15.28 15.31 15.21 15.18 15.23 15.26 15.25 15.22 15.30 15.52 15.52 15.66 15.78 15.86 15.95 15.87 16.12 16.34 16.42 16.49 16.53 16.49 16.42 16.38 16.32 16.18 16.17 16.12 15.91 15.82 15.72 15.56 15.39 15.19 15.24 15.18 15.11 15.09 14.98 14.83 14.62 14.54 14.42 14.45 14.39 14.44 14.45 14.44 14.36
17.59 17.35 17.13 17.02 16.71 16.46 16.38 16.19 15.77 15.77 15.40 15.37 15.20 15.09 15.05 14.83 14.74 14.69 14.67 14.67 14.69 14.79 14.78 14.76 14.77 14.86 14.86 14.83 14.99 15.05 14.98 15.00 15.10 15.00 14.95 14.97 15.14 15.41 15.33 15.35 15.38 15.49 15.61 15.58 15.73 16.00 16.14 16.21 16.26 16.29 16.32 16.26 16.12 16.05 16.02 15.80 15.71 15.75 15.62 15.50 15.35 15.12 15.09 15.04 15.01 14.92 14.81 14.59 14.56 14.55 14.48 14.36 14.42 14.38 14.36 14.32 14.29
17.64 17.40 17.17 17.02 16.81 16.34 16.15 15.80 15.81 15.57 15.49 15.33 15.11 15.05 14.82 14.69 14.56 14.52 14.59 14.61 14.47 14.50 14.58 14.71 14.74 14.69 14.76 14.68 14.59 14.76 14.70 14.81 14.81 14.97 15.09 15.11 15.18 15.23 15.29 15.28 15.35 15.30 15.29 15.58 15.60 15.71 15.81 15.94 15.88 15.92 16.04 15.97 15.99 15.98 15.88 15.84 15.61 15.63 15.48 15.33 15.13 15.09 14.80 14.84 14.86 14.76 14.68 14.45 14.43 14.51 14.48 14.42 14.40 14.31 14.30 14.20 14.24
17.65 17.45 17.20 17.00 16.77 16.36 15.96 15.70 15.74 15.45 15.31 15.18 14.92 14.86 14.73 14.49 14.39 14.25 14.19 14.51 14.41 14.37 14.35 14.41 14.53 14.53 14.64 14.59 14.62 14.54 14.73 14.75 14.79 14.95 14.94 14.84 14.98 14.98 15.16 15.12 15.24 15.18 15.33 15.45 15.41 15.56 15.60 15.73 15.67 15.67 15.70 15.56 15.63 15.62 15.56 15.59 15.53 15.42 15.29 15.26 15.09 14.87 14.81 14.79 14.76 14.71 14.53 14.38 14.46 14.32 14.26 14.35 14.28 14.17 14.27 14.05 14.08
17.74 17.48 17.15 16.90 16.70 16.42 15.91 15.75 15.62 15.37 15.35 15.16 14.84 14.74 14.61 14.38 14.29 14.17 14.33 14.33 14.29 14.34 14.11 14.36 14.31 14.31 14.39 14.51 14.36 14.48 14.56 14.69 14.77 14.84 14.74 14.68 14.55 14.75 14.78 15.04 15.14 15.19 15.12 15.33 15.40 15.41 15.52 15.48 15.47 15.55 15.29 15.47 15.49 15.42 15.34 15.16 15.19 15.19 15.24 15.00 15.01 14.93 14.76 14.61 14.57 14.53 14.39 14.24 14.22 14.14 14.22 14.29 14.16 14.18 14.15 14.01 13.93
17.87 17.60 17.16 16.87 16.64 16.53 16.37 15.96 15.49 15.64 15.29 14.88 14.89 14.81 14.41 14.30 14.10 14.08 14.11 14.24 14.27 14.22 14.27 14.23 14.15 14.12 14.18 14.25 14.31 14.30 14.46 14.59 14.67 14.73 14.70 14.54 14.48 14.50 14.63 14.82 14.84 15.02 15.13 15.10 15.21 15.27 15.32 15.30 15.29 15.33 15.16 15.18 15.35 15.27 15.15 15.21 15.01 15.17 15.01 14.97 14.94 14.81 14.71 14.48 14.49 14.31 14.13 14.25 14.32 14.31 14.25 14.17 13.99 14.01 14.10 13.99 13.93
17.81 17.52 17.20 16.94 16.48 16.43 15.90 15.88 15.78 15.45 15.18 14.94 14.78 14.52 14.42 14.17 14.04 13.98 14.09 14.17 14.08 14.03 14.00 14.15 14.12 14.19 14.14 14.10 14.25 14.24 14.27 14.44 14.53 14.58 14.52 14.41 14.43 14.56 14.54 14.66 14.77 14.86 14.93 14.83 14.98 14.98 15.12 15.12 15.18 15.07 14.99 14.99 15.11 15.08 15.11 15.14 15.03 14.97 14.93 14.71 14.72 14.62 14.57 14.55 14.42 14.32 14.11 14.14 14.18 14.08 14.07 14.11 13.93 13.99 13.91 13.99 13.80
17.73 17.45 17.22 16.98 16.40 16.17 15.73 15.58 15.38 15.08 15.05 14.73 14.74 14.53 14.24 14.10 14.17 14.00 13.86 14.00 13.89 13.84 13.90 13.96 13.96 13.90 13.95 14.05 14.18 14.24 14.34 14.34 14.49 14.51 14.48 14.43 14.46 14.43 14.29 14.42 14.56 14.47 14.67 14.56 14.67 14.82 14.92 14.86 14.86 14.81 14.97 14.98 15.01 15.00 14.97 14.86 14.92 14.88 14.77 14.66 14.65 14.56 14.45 14.21 14.13 14.22 14.26 14.08 14.04 13.99 14.00 13.92 13.92 13.83 13.88 13.87 13.68
